16.002718 0.36666667
15.94638 0.36666667
15.889615 0.36666667
15.832439 0.36666667
15.774859 0.36666667
15.716888 0.36666667
15.658538 0.36666667
15.599827 0.36666667
15.540762 0.36666667
15.481359 0.36666667
15.421634 0.36666667
15.361594 0.36666667
15.301256 0.36666667
15.240623 0.36666667
15.179709 0.36666667
15.118514 0.4
15.057043 0.4
14.995296 0.4
14.933269 0.4
14.870956 0.4
14.80835 0.4
14.745435 0.4
14.682205 0.4
14.618635 0.4
14.5547085 0.4
14.490402 0.4
14.425692 0.4
14.360549 0.4
14.29495 0.4
14.22886 0.4
14.162248 0.4
14.095081 0.4
14.027328 0.4
13.958955 0.4
13.889925 0.4
13.8202095 0.4
13.749774 0.4
13.678588 0.4
13.606625 0.4
13.533861 0.4
13.460274 0.4
13.385847 0.4
13.310574 0.4
13.23445 0.4
13.157483 0.4
13.079687 0.4
13.001089 0.4
12.921727 0.4
12.84165 0.4
12.760929 0.4
12.67964 0.4
12.597879 0.4
12.5157585 0.43333334
12.433403 0.43333334
12.35095 0.43333334
12.268555 0.43333334
12.186378 0.43333334
12.104586 0.43333334
12.023353 0.43333334
11.942855 0.43333334
11.863263 0.43333334
11.784739 0.43333334
11.707441 0.43333334
11.63151 0.43333334
11.557069 0.43333334
11.484229 0.43333334
11.41308 0.43333334
11.343691 0.43333334
11.276115 0.43333334
11.210382 0.43333334
11.146513 0.43333334
11.084501 0.43333334
11.024336 0.43333334
10.965985 0.43333334
10.909413 0.43333334
10.854574 0.43333334
10.8014145 0.43333334
10.749872 0.43333334
10.699885 0.43333334
10.651386 0.46666667
10.604309 0.46666667
10.558582 0.46666667
10.514139 0.46666667
10.470909 0.46666667
10.428831 0.46666667
10.387835 0.46666667
10.347858 0.46666667
10.30884 0.46666667
10.270722 0.46666667
10.23345 0.46666667
10.196967 0.46666667
10.161224 0.46666667
10.126172 0.46666667
10.091764 0.46666667
10.057957 0.46666667
10.024709 0.46666667
9.99198 0.46666667
9.959734 0.46666667
9.927934 0.46666667
9.896548 0.46666667
9.865544 0.46666667
9.834894 0.46666667
9.804567 0.5
9.77454 0.5
9.744784 0.5
9.715279 0.5
9.685999 0.5
9.656927 0.5
9.628039 0.5
9.599321 0.5
9.570752 0.5
9.542316 0.5
9.513999 0.5
9.485785 0.5
9.45766 0.5
9.429611 0.5
9.401628 0.5
9.373698 0.5
9.34581 0.5
9.317957 0.5
9.290128 0.5
9.262314 0.5
9.23451 0.5
9.20671 0.5
9.178905 0.5
9.151091 0.5
9.123263 0.5
9.095419 0.5
9.067554 0.5
9.039665 0.5
9.011753 0.5
8.983813 0.5
8.955848 0.5
8.927853 0.5
8.899834 0.5
8.871789 0.5
8.8437195 0.5
8.81563 0.5
8.787519 0.5
8.759396 0.53333336
8.731259 0.53333336
8.703116 0.53333336
8.67497 0.53333336
8.646826 0.56666666
8.618688 0.6
8.590563 0.6333333
8.562457 0.6333333
8.534374 0.6333333
8.506322 0.6666667
8.478306 0.6666667
8.450334 0.6666667
8.422409 0.6666667
8.394541 0.6666667
8.366734 0.6666667
8.338992 0.6666667
8.311325 0.6666667
8.283737 0.6666667
8.256231 0.6666667
8.228817 0.6666667
8.201494 0.6666667
8.174272 0.6666667
8.147152 0.6666667
8.120138 0.6666667
8.093235 0.6666667
8.066445 0.6666667
8.039771 0.6666667
8.013215 0.6666667
7.9867797 0.6666667
7.9604654 0.6666667
7.934274 0.6666667
7.908207 0.6666667
7.8822637 0.6666667
7.8564444 0.6666667
7.8307495 0.6666667
7.8051767 0.6666667
7.7797284 0.6666667
7.754401 0.6666667
7.729195 0.6666667
7.704107 0.6666667
7.6791363 0.6666667
7.654281 0.6666667
7.629538 0.7
7.604907 0.7
7.580384 0.7
7.5559664 0.7
7.5316525 0.7
7.5074396 0.7
7.483325 0.7
7.4593053 0.7
7.43538 0.7
7.411544 0.7
7.3877954 0.7
7.364132 0.7
7.340551 0.7
7.3170495 0.7
7.293627 0.7
7.270278 0.7
7.247003 0.7
7.2237983 0.7
7.2006636 0.7
7.1775956 0.7
7.1545925 0.7
7.131654 0.7
7.1087775 0.7
7.0859623 0.7
7.063206 0.7
7.0405097 0.7
7.017871 0.73333335
6.99529 0.73333335
6.972765 0.73333335
6.9502974 0.73333335
6.927886 0.73333335
6.9055314 0.73333335
6.883233 0.73333335
6.8609915 0.73333335
6.838808 0.73333335
6.816682 0.73333335
6.7946157 0.73333335
6.7726107 0.73333335
6.7506647 0.76666665
6.7287817 0.76666665
6.7069616 0.76666665
6.685209 0.76666665
6.6635227 0.76666665
6.641906 0.76666665
6.62036 0.8
6.5988874 0.8
6.57749 0.8
6.5561695 0.8
6.5349293 0.8
6.5137715 0.8
6.4926977 0.8
6.471712 0.8
6.4508166 0.8
6.4300127 0.8
6.4093046 0.8
6.388694 0.8
6.3681836 0.8
6.347777 0.8
6.3274755 0.76666665
6.3072834 0.76666665
6.2872014 0.76666665
6.267233 0.76666665
6.2473807 0.76666665
6.2276473 0.76666665
6.2080336 0.76666665
6.188544 0.76666665
6.169178 0.76666665
6.1499405 0.76666665
6.1308317 0.76666665
6.1118536 0.76666665
6.093009 0.76666665
6.074298 0.76666665
6.055723 0.76666665
6.037286 0.76666665
6.018987 0.76666665
6.000828 0.76666665
5.9828095 0.76666665
5.964933 0.8
5.9471993 0.8
5.9296083 0.8
5.9121604 0.76666665
5.894857 0.76666665
5.877698 0.76666665
5.8606834 0.76666665
5.843813 0.8
5.8270864 0.8
5.810505 0.8
5.794067 0.8
5.7777715 0.8333333
5.76162 0.8333333
5.745611 0.8333333
5.729743 0.8333333
5.7140164 0.8333333
5.69843 0.8333333
5.6829824 0.8333333
5.667672 0.8333333
5.6524997 0.8333333
5.637463 0.8333333
5.622561 0.8333333
5.607793 0.8333333
5.5931563 0.8333333
5.5786514 0.8333333
5.5642757 0.8333333
5.5500283 0.8
5.535906 0.8
5.5219107 0.8
5.508039 0.8
5.4942894 0.8
5.4806604 0.8
5.4671507 0.8
5.453759 0.8
5.440484 0.8
5.4273233 0.8
5.4142756 0.8
5.4013395 0.8
5.388514 0.8
5.375796 0.8
5.3631854 0.8
5.3506804 0.8
5.3382797 0.8
5.325981 0.8
5.313784 0.8
5.3016863 0.8
5.289687 0.8
5.2777843 0.8
5.265977 0.8
5.2542644 0.8
5.2426434 0.8
5.2311144 0.8
5.219675 0.8
5.2083244 0.8
5.1970615 0.8
5.1858854 0.8
5.1747937 0.8
5.1637855 0.8
5.152861 0.8
5.1420174 0.8
5.131254 0.8
5.12057 0.8
5.109965 0.8
5.099436 0.8
5.0889835 0.8
5.0786066 0.8
5.068304 0.8
5.058074 0.8
5.047917 0.8
5.0378313 0.8
5.027816 0.8
5.01787 0.8
5.007993 0.8
4.998184 0.8
4.988443 0.8
4.978768 0.8
4.9691577 0.8
4.959613 0.8
4.9501333 0.8
4.9407167 0.8
4.931362 0.8
4.9220705 0.8
4.91284 0.8
4.9036703 0.8
4.894561 0.8
4.8855104 0.8
4.876519 0.8
4.867587 0.8
4.858712 0.8
4.8498955 0.8
4.8411345 0.8
4.83243 0.8
4.8237815 0.8
4.815188 0.8
4.80665 0.8
4.798165 0.8
4.789735 0.8
4.781358 0.8
4.7730327 0.8
4.7647605 0.8
4.7565403 0.8
4.7483716 0.8
4.7402544 0.8
4.7321873 0.8
4.7241707 0.8
4.7162046 0.8
4.7082872 0.8
4.7004185 0.8
4.6926 0.8
4.684828 0.8
4.6771054 0.8
4.6694293 0.8
4.6618013 0.8
4.65422 0.8
4.646685 0.8
4.6391964 0.8
4.631753 0.8
4.624356 0.8
4.617004 0.8
4.609696 0.8
4.602433 0.8
4.5952144 0.8
4.5880394 0.8
4.5809073 0.8
4.5738187 0.8
4.566773 0.8
4.5597696 0.8
4.552809 0.8
4.5458894 0.8
4.539012 0.8
4.532176 0.8
4.52538 0.8
4.5186253 0.8
4.5119104 0.8
4.505236 0.8
4.4986014 0.8
4.4920063 0.8
4.48545 0.8
4.478933 0.8
4.4724536 0.8
4.4660134 0.8
4.45961 0.8
4.4532456 0.8
4.446918 0.8
4.4406266 0.8
4.434373 0.8
4.428155 0.8
4.4219737 0.8
4.415828 0.8
4.4097185 0.8
4.4036436 0.8
4.397604 0.8
4.391599 0.8
4.385629 0.8
4.379693 0.8
4.3737903 0.8
4.3679214 0.8
4.3620863 0.8
4.356284 0.8
4.3505144 0.8
4.344777 0.8
4.339072 0.8
4.3333993 0.8
4.327758 0.8
4.322149 0.8
4.3165708 0.8
4.3110228 0.8
4.3055058 0.8
4.300019 0.8
4.2945623 0.8
4.289136 0.8
4.283739 0.8
4.278372 0.8
4.2730327 0.8
4.267723 0.8
4.2624416 0.8
4.2571893 0.8
4.2519646 0.8
4.246768 0.8
4.241599 0.8
4.236457 0.8
4.2313423 0.8
4.2262545 0.8
4.2211933 0.8
4.216159 0.8
4.2111497 0.8
4.206167 0.8
4.2012105 0.8
4.196279 0.8
4.191373 0.8
4.186492 0.8
4.181636 0.8
4.1768036 0.8
4.171996 0.8
4.167213 0.8
4.162454 0.8
4.1577187 0.8
4.153006 0.8
4.1483173 0.8
4.143652 0.8
4.139009 0.8
4.134389 0.8
4.1297913 0.8
4.1252155 0.8
4.120662 0.8
4.116131 0.8
4.111621 0.8
4.107132 0.8
4.1026645 0.8
4.0982184 0.8
4.093794 0.8
4.089389 0.8
4.085005 0.8
4.0806413 0.8
4.0762978 0.8
4.071974 0.8
4.06767 0.8
4.063385 0.8
4.0591207 0.8
4.054875 0.8
4.050648 0.8
4.04644 0.8
4.042251 0.8
4.0380807 0.8
4.033928 0.8
4.029794 0.8
4.025678 0.8
4.0215797 0.8
4.0175 0.8
4.0134363 0.8
4.009391 0.8
4.0053625 0.8
4.001351 0.8
3.9973564 0.8
3.9933789 0.8
3.9894176 0.8
3.9854736 0.8
3.9815445 0.8
3.977632 0.8
3.9737356 0.8
3.969855 0.8
3.96599 0.8
3.9621406 0.8
3.9583066 0.8333333
3.9544878 0.8333333
3.9506845 0.8333333
3.9468954 0.8333333
3.943122 0.8333333
3.9393625 0.8333333
3.9356177 0.8333333
3.9318876 0.8333333
3.9281716 0.8333333
3.9244697 0.8333333
3.9207816 0.8333333
3.9171078 0.8333333
3.9134474 0.8333333
3.9098 0.8333333
3.906167 0.8333333
3.9025471 0.8666667
3.8989406 0.8666667
3.895347 0.8666667
3.891766 0.8666667
3.8881984 0.8666667
3.8846436 0.8666667
3.8811007 0.8666667
3.8775706 0.8666667
3.874053 0.8666667
3.8705473 0.8666667
3.867054 0.8666667
3.8635728 0.8666667
3.8601034 0.8666667
3.856645 0.8666667
3.8531995 0.8666667
3.8497646 0.8666667
3.8463416 0.8666667
3.8429294 0.8666667
3.8395286 0.8666667
3.8361397 0.8666667
3.8327608 0.8666667
3.8293934 0.8666667
3.826036 0.8666667
3.82269 0.8666667
3.8193543 0.8666667
3.816029 0.8666667
3.812714 0.8666667
3.8094091 0.9
3.806115 0.9
3.8028302 0.9
3.7995553 0.9
3.7962902 0.9
3.7930355 0.9
3.7897902 0.9
3.7865539 0.9
3.783327 0.9
3.7801104 0.9
3.7769027 0.9
3.7737033 0.9
3.7705135 0.9
3.767333 0.9
3.7641609 0.9
3.7609973 0.9
3.7578433 0.9
3.754697 0.9
3.7515593 0.9
3.7484303 0.9
3.7453089 0.9
3.7421966 0.9
3.7390919 0.9
3.7359953 0.9
3.7329066 0.93333334
3.7298257 0.93333334
3.7267528 0.93333334
3.7236876 0.93333334
3.7206297 0.93333334
3.7175791 0.93333334
3.7145367 0.93333334
3.7115016 0.93333334
3.708473 0.93333334
3.7054515 0.93333334
3.7024379 0.93333334
3.699431 0.93333334
3.6964307 0.93333334
3.6934376 0.93333334
3.6904511 0.93333334
3.6874719 0.93333334
3.6844985 0.93333334
3.681532 0.93333334
3.6785724 0.93333334
3.6756184 0.93333334
3.6726713 0.93333334
3.6697297 0.93333334
3.6667948 0.93333334
3.6638665 0.93333334
3.6609433 0.93333334
3.6580262 0.93333334
3.6551156 0.93333334
3.65221 0.93333334
3.6493106 0.93333334
3.6464171 0.93333334
3.6435282 0.93333334
3.640646 0.93333334
3.6377692 0.93333334
3.634897 0.93333334
3.6320307 0.93333334
3.6291695 0.93333334
3.6263132 0.93333334
3.6234624 0.93333334
3.6206164 0.93333334
3.617776 0.93333334
3.6149402 0.93333334
3.612109 0.93333334
3.6092825 0.93333334
3.6064618 0.93333334
3.6036446 0.93333334
3.600833 0.93333334
3.5980258 0.93333334
3.595223 0.93333334
3.5924244 0.93333334
3.5896301 0.93333334
3.5868406 0.93333334
3.5840554 0.93333334
3.581274 0.93333334
3.5784976 0.93333334
3.575725 0.93333334
3.5729563 0.93333334
3.5701923 0.93333334
3.567432 0.93333334
3.5646753 0.93333334
3.5619228 0.93333334
3.559174 0.93333334
3.5564291 0.93333334
3.5536878 0.93333334
3.5509505 0.93333334
3.5482166 0.93333334
3.545487 0.93333334
3.5427606 0.93333334
3.5400372 0.93333334
3.5373182 0.93333334
3.5346026 0.93333334
3.5318904 0.93333334
3.529181 0.93333334
3.5264757 0.93333334
3.5237734 0.93333334
3.5210743 0.93333334
3.5183787 0.93333334
3.5156865 0.93333334
3.5129976 0.93333334
3.5103118 0.93333334
3.507629 0.93333334
3.5049496 0.93333334
3.5022726 0.93333334
3.4995995 0.93333334
3.4969292 0.93333334
3.4942617 0.93333334
3.4915977 0.93333334
3.4889367 0.93333334
3.4862783 0.93333334
3.4836226 0.93333334
3.4809701 0.93333334
3.478321 0.93333334
3.4756742 0.93333334
3.4730306 0.93333334
3.4703896 0.93333334
3.4677513 0.93333334
3.4651163 0.93333334
3.462484 0.93333334
3.459854 0.93333334
3.4572272 0.93333334
3.4546037 0.93333334
3.4519823 0.93333334
3.449364 0.93333334
3.4467487 0.93333334
3.444136 0.96666664
3.441526 0.96666664
3.4389188 0.96666664
3.4363143 0.96666664
3.4337127 0.96666664
3.4311142 0.96666664
3.4285183 0.96666664
3.4259245 0.96666664
3.4233341 0.96666664
3.4207468 0.96666664
3.4181619 0.96666664
3.4155798 0.96666664
3.4130008 0.96666664
3.4104242 0.96666664
3.4078503 0.96666664
3.4052796 0.96666664
3.402712 0.96666664
3.4001472 0.96666664
3.3975852 0.96666664
3.395026 0.96666664
3.39247 0.96666664
3.3899167 0.96666664
3.3873663 0.96666664
3.3848188 0.96666664
3.3822744 0.96666664
3.3797333 0.96666664
3.3771946 0.96666664
3.3746595 0.96666664
3.3721266 0.96666664
3.3695974 0.96666664
3.3670716 0.96666664
3.364549 0.96666664
3.3620286 0.96666664
3.359512 0.96666664
3.3569984 0.96666664
3.3544886 0.96666664
3.351982 0.96666664
3.3494778 0.96666664
3.3469777 0.96666664
3.3444805 0.96666664
3.3419867 0.96666664
3.3394966 0.96666664
3.3370094 0.96666664
3.3345263 0.96666664
3.332046 0.96666664
3.3295693 0.96666664
3.3270962 0.96666664
3.324627 0.96666664
3.3221614 0.96666664
3.319699 0.96666664
3.3172407 0.96666664
3.3147862 0.96666664
3.312335 0.96666664
3.3098874 0.96666664
3.307444 0.96666664
3.3050041 0.96666664
3.302568 0.96666664
3.300136 0.96666664
3.2977076 0.96666664
3.2952828 0.96666664
3.2928627 0.96666664
3.2904463 0.96666664
3.2880337 0.96666664
3.2856252 0.96666664
3.283221 0.96666664
3.2808213 0.96666664
3.2784247 0.96666664
3.2760324 0.96666664
3.2736444 0.96666664
3.2712607 0.96666664
3.2688813 0.96666664
3.2665062 0.96666664
3.2641354 0.96666664
3.2617686 0.96666664
3.2594063 0.96666664
3.2570481 0.96666664
3.2546947 0.96666664
3.2523456 0.96666664
3.2500007 0.96666664
3.2476602 0.96666664
3.2453246 0.96666664
3.2429929 0.96666664
3.240666 0.96666664
3.2383437 0.96666664
3.2360256 0.96666664
3.2337127 0.96666664
3.231404 0.96666664
3.2291005 0.96666664
3.2268007 0.96666664
3.224506 0.96666664
3.2222157 0.96666664
3.2199304 0.96666664
3.2176497 0.96666664
3.2153738 0.96666664
3.2131019 0.96666664
3.2108355 0.96666664
3.2085738 0.96666664
3.2063167 0.96666664
3.2040641 0.96666664
3.2018168 0.96666664
3.1995738 0.96666664
3.1973357 0.96666664
3.1951027 0.96666664
3.1928742 0.96666664
3.190651 0.96666664
3.188432 0.96666664
3.1862185 0.96666664
3.184009 0.96666664
3.1818047 0.96666664
3.1796055 0.96666664
3.1774113 0.96666664
3.1752217 0.96666664
3.1730368 0.96666664
3.1708574 0.96666664
3.168682 0.96666664
3.166512 0.96666664
3.1643467 0.96666664
3.1621866 0.96666664
3.1600308 0.96666664
3.1578803 0.96666664
3.1557345 0.96666664
3.1535935 0.96666664
3.1514578 0.96666664
3.1493263 0.96666664
3.1472 0.96666664
3.1450787 0.96666664
3.1429625 0.96666664
3.1408505 0.96666664
3.1387434 0.96666664
3.1366415 0.96666664
3.1345441 0.96666664
3.1324518 0.96666664
3.1303644 0.96666664
3.128281 0.96666664
3.126203 0.96666664
3.1241302 0.96666664
3.1220617 0.96666664
3.119998 0.96666664
3.1179392 0.96666664
3.1158848 0.96666664
3.1138353 0.96666664
3.1117907 0.96666664
3.1097507 0.96666664
3.1077154 0.96666664
3.1056848 0.96666664
3.1036587 0.96666664
3.1016378 0.96666664
3.099621 0.96666664
3.097609 0.96666664
3.0956018 0.96666664
3.093599 0.96666664
3.0916014 0.96666664
3.0896077 0.96666664
3.0876188 0.96666664
3.0856342 0.96666664
3.0836544 0.96666664
3.0816793 0.96666664
3.0797083 0.96666664
3.077742 0.96666664
3.0757802 0.96666664
3.0738235 0.96666664
3.0718706 0.96666664
3.069922 0.96666664
3.067978 0.96666664
3.0660386 0.96666664
3.0641031 0.96666664
3.0621722 0.96666664
3.0602458 0.96666664
3.0583239 0.96666664
3.056406 0.96666664
3.0544925 0.96666664
3.0525832 0.96666664
3.0506783 0.96666664
3.0487778 0.96666664
3.0468812 0.96666664
3.044989 0.96666664
3.0431008 0.96666664
3.0412173 0.96666664
3.0393374 0.96666664
3.0374618 0.96666664
3.0355902 0.96666664
3.0337234 0.96666664
3.03186 0.96666664
3.0300007 0.96666664
3.0281458 0.96666664
3.0262947 0.96666664
3.024448 0.96666664
3.0226047 0.96666664
3.0207658 0.96666664
3.018931 0.96666664
3.0171 0.96666664
3.0152726 0.96666664
3.013449 0.96666664
3.01163 0.96666664
3.0098143 0.96666664
3.008003 0.96666664
3.006195 0.96666664
3.0043912 0.96666664
3.0025911 0.96666664
3.000795 0.96666664
2.9990022 0.96666664
2.9972136 0.96666664
2.9954286 0.96666664
2.9936469 0.96666664
2.9918694 0.96666664
2.9900956 0.96666664
2.988325 0.96666664
2.9865582 0.96666664
2.984795 0.96666664
2.983036 0.96666664
2.9812799 0.96666664
2.9795277 0.96666664
2.9777787 0.96666664
2.976034 0.96666664
2.9742923 0.96666664
2.9725537 0.96666664
2.9708195 0.96666664
2.9690883 0.96666664
2.9673605 0.96666664
2.9656365 0.96666664
2.9639156 0.96666664
2.9621978 0.96666664
2.960484 0.96666664
2.958773 0.96666664
2.957066 0.96666664
2.9553618 0.96666664
2.9536614 0.96666664
2.9519637 0.96666664
2.9502702 0.96666664
2.9485793 0.96666664
2.9468918 0.96666664
2.9452074 0.96666664
2.943526 0.96666664
2.9418488 0.96666664
2.940174 0.96666664
2.9385028 0.96666664
2.9368343 0.96666664
2.9351695 0.96666664
2.933507 0.96666664
2.9318483 0.96666664
2.9301927 0.96666664
2.92854 0.96666664
2.9268904 0.96666664
2.9252436 0.96666664
2.9236002 0.96666664
2.92196 0.96666664
2.9203222 0.96666664
2.9186873 0.96666664
2.917056 0.96666664
2.9154277 0.96666664
2.9138021 0.96666664
2.9121795 0.96666664
2.91056 0.96666664
2.9089432 0.96666664
2.9073296 0.96666664
2.9057183 0.96666664
2.9041107 0.96666664
2.9025047 0.96666664
2.9009027 0.96666664
2.899303 0.96666664
2.897706 0.96666664
2.8961124 0.96666664
2.894521 0.96666664
2.8929324 0.96666664
2.891347 0.96666664
2.8897643 0.96666664
2.8881838 0.96666664
2.8866067 0.96666664
2.8850317 0.96666664
2.8834596 0.96666664
2.8818905 0.96666664
2.880324 0.96666664
2.8787603 0.96666664
2.8771987 0.96666664
2.87564 0.96666664
2.8740838 0.96666664
2.8725305 0.96666664
2.8709798 0.96666664
2.8694315 0.96666664
2.8678856 0.96666664
2.8663425 0.96666664
2.8648024 0.96666664
2.863264 0.96666664
2.8617287 0.96666664
2.8601954 0.96666664
2.858665 0.96666664
2.8571372 0.96666664
2.8556116 0.96666664
2.8540885 0.96666664
2.8525681 0.96666664
2.85105 0.96666664
2.849534 0.96666664
2.8480208 0.96666664
2.8465104 0.96666664
2.8450017 0.96666664
2.8434958 0.96666664
2.841992 0.96666664
2.8404908 0.96666664
2.8389916 0.96666664
2.8374953 0.96666664
2.8360014 0.96666664
2.8345094 0.96666664
2.8330197 0.96666664
2.831533 0.96666664
2.8300476 0.96666664
2.8285651 0.96666664
2.8270848 0.96666664
2.8256068 0.96666664
2.8241308 0.96666664
2.822657 0.96666664
2.8211858 0.96666664
2.8197165 0.96666664
2.8182502 0.96666664
2.8167853 0.96666664
2.8153224 0.96666664
2.8138626 0.96666664
2.8124046 0.96666664
2.8109486 0.96666664
2.809495 0.96666664
2.808043 0.96666664
2.806594 0.96666664
2.8051467 0.96666664
2.8037014 0.96666664
2.8022587 0.96666664
2.800818 0.96666664
2.799379 0.96666664
2.7979424 0.96666664
2.7965076 0.96666664
2.7950754 0.96666664
2.7936444 0.96666664
2.7922163 0.96666664
2.7907898 0.96666664
2.7893662 0.96666664
2.7879434 0.96666664
2.7865233 0.96666664
2.7851052 0.96666664
2.783689 0.96666664
2.7822747 0.96666664
2.7808623 0.96666664
2.7794526 0.96666664
2.7780445 0.96666664
2.7766378 0.96666664
2.7752335 0.96666664
2.7738314 0.96666664
2.7724311 0.96666664
2.7710323 0.96666664
2.7696362 0.96666664
2.7682414 0.96666664
2.766849 0.96666664
2.765458 0.96666664
2.7640693 0.96666664
2.7626822 0.96666664
2.7612972 0.96666664
2.7599142 0.96666664
2.758533 0.96666664
2.7571535 0.96666664
2.755776 0.96666664
2.7544003 0.96666664
2.7530262 0.96666664
2.7516544 0.96666664
2.7502842 0.96666664
2.7489157 0.96666664
2.7475493 0.96666664
2.7461843 0.96666664
2.7448215 0.96666664
2.7434602 0.96666664
2.7421012 0.96666664
2.7407436 0.96666664
2.7393875 0.96666664
2.7380338 0.96666664
2.7366817 0.96666664
2.7353315 0.96666664
2.7339823 0.96666664
2.732635 0.96666664
2.7312903 0.96666664
2.7299466 0.96666664
2.7286048 0.96666664
2.727265 0.96666664
2.7259264 0.96666664
2.7245898 0.96666664
2.7232547 0.96666664
2.7219214 0.96666664
2.7205899 0.96666664
2.7192602 0.96666664
2.7179317 0.96666664
2.7166054 0.96666664
2.7152805 0.96666664
2.7139575 0.96666664
2.712636 0.96666664
2.7113156 0.96666664
2.7099977 0.96666664
2.708681 0.96666664
2.707366 0.96666664
2.7060523 0.96666664
2.7047405 0.96666664
2.7034307 0.96666664
2.7021217 0.96666664
2.700815 0.96666664
2.6995096 0.96666664
2.698206 0.96666664
2.6969037 0.96666664
2.6956034 0.96666664
2.694304 0.96666664
2.6930065 0.96666664
2.691711 0.96666664
2.6904166 0.96666664
2.6891236 0.96666664
2.6878328 0.96666664
2.6865427 0.96666664
2.6852546 0.96666664
2.6839683 0.96666664
2.682683 0.96666664
2.6813996 0.96666664
2.6801174 0.96666664
2.678837 0.96666664
2.677558 0.96666664
2.6762807 0.96666664
2.6750045 0.96666664
2.6737297 0.96666664
2.6724567 0.96666664
2.6711855 0.96666664
2.6699154 0.96666664
2.6686468 0.96666664
2.6673796 0.96666664
2.666114 0.96666664
2.6648498 0.96666664
2.663587 0.96666664
2.6623259 0.96666664
2.6610663 0.96666664
2.6598077 0.96666664
2.6585505 0.96666664
2.6572952 0.96666664
2.6560411 0.96666664
2.654788 0.96666664
2.653537 0.96666664
2.6522868 0.96666664
2.6510386 0.96666664
2.6497917 0.96666664
2.6485457 0.96666664
2.6473017 0.96666664
2.6460586 0.96666664
2.644817 0.96666664
2.643577 0.96666664
2.642338 0.96666664
2.6411006 0.96666664
2.639865 0.96666664
2.6386302 0.96666664
2.6373968 0.96666664
2.6361647 0.96666664
2.6349344 0.96666664
2.633705 0.96666664
2.6324768 0.96666664
2.6312504 0.96666664
2.6300254 0.96666664
2.6288013 0.96666664
2.6275792 0.96666664
2.6263576 0.96666664
2.6251376 0.96666664
2.623919 0.96666664
2.622702 0.96666664
2.621486 0.96666664
2.6202712 0.96666664
2.6190577 0.96666664
2.6178455 0.96666664
2.6166348 0.96666664
2.6154256 0.96666664
2.6142173 0.96666664
2.61301 0.96666664
2.6118045 0.96666664
2.6106 0.96666664
2.609397 0.96666664
2.608195 0.96666664
2.6069949 0.96666664
2.6057954 0.96666664
2.6045973 0.96666664
2.6034005 0.96666664
2.6022048 0.96666664
2.6010108 0.96666664
2.5998173 0.96666664
2.5986257 0.96666664
2.597435 0.96666664
2.5962453 0.96666664
2.5950575 0.96666664
2.5938704 0.96666664
2.5926843 0.96666664
2.5915003 0.96666664
2.5903168 0.96666664
2.5891347 0.96666664
2.5879536 0.96666664
2.5867739 0.96666664
2.5855956 0.96666664
2.5844183 0.96666664
2.5832417 0.96666664
2.582067 0.96666664
2.5808933 0.96666664
2.579721 0.96666664
2.5785494 0.96666664
2.5773787 0.96666664
2.5762103 0.96666664
2.5750422 0.96666664
2.5738754 0.96666664
2.57271 0.96666664
2.5715456 0.96666664
2.5703824 0.96666664
2.5692205 0.96666664
2.5680594 0.96666664
2.5668995 0.96666664
2.5657408 0.96666664
2.5645833 0.96666664
2.563427 0.96666664
2.5622716 0.96666664
2.5611174 0.96666664
2.5599647 0.96666664
2.5588126 0.96666664
2.557662 0.96666664
2.5565124 0.96666664
2.555364 0.96666664
2.5542164 0.96666664
2.55307 0.96666664
2.5519247 0.96666664
2.5507808 0.96666664
2.549638 0.96666664
2.5484958 0.96666664
2.547355 0.96666664
2.5462155 0.96666664
2.5450768 0.96666664
2.5439396 0.96666664
2.5428028 0.96666664
2.5416675 0.96666664
2.5405333 0.96666664
2.5394 0.96666664
2.5382676 0.96666664
2.5371366 0.96666664
2.5360067 0.96666664
2.5348778 0.96666664
2.53375 0.96666664
2.5326228 0.96666664
2.531497 0.96666664
2.5303721 0.96666664
2.5292492 0.96666664
2.528126 0.96666664
2.5270047 0.96666664
2.525884 0.96666664
2.5247645 0.96666664
2.523646 0.96666664
2.5225284 0.96666664
2.521412 0.96666664
2.5202966 0.96666664
2.519182 0.96666664
2.5180688 0.96666664
2.5169566 0.96666664
2.5158448 0.96666664
2.514735 0.96666664
2.5136254 0.96666664
2.5125172 0.96666664
2.5114102 0.96666664
2.5103035 0.96666664
2.5091987 0.96666664
2.5080943 0.96666664
2.5069911 0.96666664
2.5058885 0.96666664
2.5047874 0.96666664
2.5036874 0.96666664
2.5025883 0.96666664
2.5014896 0.96666664
2.5003922 0.96666664
2.499296 0.96666664
2.498201 0.96666664
2.497106 0.96666664
2.496013 0.96666664
2.4949203 0.96666664
2.4938288 0.96666664
2.4927382 0.96666664
2.4916492 0.96666664
2.4905605 0.96666664
2.4894724 0.96666664
2.4883862 0.96666664
2.4873004 0.96666664
2.4862154 0.96666664
2.485132 0.96666664
2.4840486 0.96666664
2.482967 0.96666664
2.4818854 0.96666664
2.4808059 0.96666664
2.4797268 0.96666664
2.4786484 0.96666664
2.477571 0.96666664
2.4764948 0.96666664
2.4754195 0.96666664
2.4743447 0.96666664
2.4732716 0.96666664
2.4721985 0.96666664
2.471127 0.96666664
2.470056 0.96666664
2.468986 0.96666664
2.4679174 0.96666664
2.4668493 0.96666664
2.4657822 0.96666664
2.464716 0.96666664
2.463651 0.96666664
2.4625862 0.96666664
2.4615228 0.96666664
2.4604602 0.96666664
2.4593987 0.96666664
2.4583375 0.96666664
2.4572778 0.96666664
2.4562185 0.96666664
2.4551606 0.96666664
2.4541032 0.96666664
2.453047 0.96666664
2.4519918 0.96666664
2.450937 0.96666664
2.4498835 0.96666664
2.4488301 0.96666664
2.4477782 0.96666664
2.4467273 0.96666664
2.4456768 0.96666664
2.4446273 0.96666664
2.443579 0.96666664
2.4425316 0.96666664
2.4414845 0.96666664
2.440439 0.96666664
2.4393938 0.96666664
2.4383495 0.96666664
2.437306 0.96666664
2.4362636 0.96666664
2.4352221 0.96666664
2.4341812 0.96666664
2.4331412 0.96666664
2.4321022 0.96666664
2.4310641 0.96666664
2.4300268 0.96666664
2.4289901 0.96666664
2.427954 0.96666664
2.4269195 0.96666664
2.4258852 0.96666664
2.4248524 0.96666664
2.4238195 0.96666664
2.4227881 0.96666664
2.4217575 0.96666664
2.4207275 0.96666664
2.4196982 0.96666664
2.4186702 0.96666664
2.4176428 0.96666664
2.4166162 0.96666664
2.4155903 0.96666664
2.4145656 0.96666664
2.4135408 0.96666664
2.4125178 0.96666664
2.4114954 0.96666664
2.4104733 0.96666664
2.409453 0.96666664
2.4084325 0.96666664
2.407413 0.96666664
2.4063945 0.96666664
2.4053767 0.96666664
2.4043598 0.96666664
2.403344 0.96666664
2.4023283 0.96666664
2.401314 0.96666664
2.4003 0.96666664
2.3992872 0.96666664
2.398275 0.96666664
2.3972638 0.96666664
2.3962529 0.96666664
2.3952432 0.96666664
2.3942342 0.96666664
2.3932257 0.96666664
2.3922186 0.96666664
2.3912117 0.96666664
2.3902059 0.96666664
2.3892004 0.96666664
2.388196 0.96666664
2.3871922 0.96666664
2.3861895 0.96666664
2.3851874 0.96666664
2.3841865 0.96666664
2.3831859 0.96666664
2.382186 0.96666664
2.3811865 0.96666664
2.3801887 0.96666664
2.3791912 0.96666664
2.3781943 0.96666664
2.3771982 0.96666664
2.3762035 0.96666664
2.3752081 0.96666664
2.3742146 0.96666664
2.3732219 0.96666664
2.3722296 0.96666664
2.3712378 0.96666664
2.370247 0.96666664
2.3692572 0.96666664
2.3682678 0.96666664
2.3672793 0.96666664
2.3662918 0.96666664
2.3653045 0.96666664
2.364318 0.96666664
2.3633327 0.96666664
2.362348 0.96666664
2.361364 0.96666664
2.36038 0.96666664
2.359398 0.96666664
2.3584156 0.96666664
2.3574345 0.96666664
2.356454 0.96666664
2.3554742 0.96666664
2.354495 0.96666664
2.3535168 0.96666664
2.3525395 0.96666664
2.351562 0.96666664
2.3505864 0.96666664
2.349611 0.96666664
2.3486362 0.96666664
2.3476622 0.96666664
2.3466887 0.96666664
2.3457162 0.96666664
2.3447442 0.96666664
2.3437734 0.96666664
2.3428025 0.96666664
2.3418326 0.96666664
2.3408637 0.96666664
2.3398957 0.96666664
2.3389277 0.96666664
2.3379607 0.96666664
2.3369946 0.96666664
2.336029 0.96666664
2.335064 0.96666664
2.3340998 0.96666664
2.3331366 0.96666664
2.3321736 0.96666664
2.3312116 0.96666664
2.3302503 0.96666664
2.32929 0.96666664
2.3283296 0.96666664
2.3273704 0.96666664
2.3264117 0.96666664
2.325454 0.96666664
2.3244965 0.96666664
2.3235397 0.96666664
2.322584 0.96666664
2.3216288 0.96666664
2.3206742 0.96666664
2.3197203 0.96666664
2.3187666 0.96666664
2.3178144 0.96666664
2.3168626 0.96666664
2.3159113 0.96666664
2.3149605 0.96666664
2.3140109 0.96666664
2.3130622 0.96666664
2.3121135 0.96666664
2.3111656 0.96666664
2.310218 0.96666664
2.3092718 0.96666664
2.3083258 0.96666664
2.3073807 0.96666664
2.3064365 0.96666664
2.3054922 0.96666664
2.3045495 0.96666664
2.3036067 0.96666664
2.302665 0.96666664
2.3017235 0.96666664
2.3007832 0.96666664
2.2998428 0.96666664
2.2989042 0.96666664
2.297965 0.96666664
2.2970273 0.96666664
2.29609 0.96666664
2.2951531 0.96666664
2.2942173 0.96666664
2.293282 0.96666664
2.292347 0.96666664
2.2914133 0.96666664
2.29048 0.96666664
2.2895465 0.96666664
2.2886147 0.96666664
2.287683 0.96666664
2.2867522 0.96666664
2.2858222 0.96666664
2.2848926 0.96666664
2.2839637 0.96666664
2.2830353 0.96666664
2.2821078 0.96666664
2.2811804 0.96666664
2.280254 0.96666664
2.2793283 0.96666664
2.278403 0.96666664
2.2774785 0.96666664
2.2765548 0.96666664
2.2756312 0.96666664
2.2747085 0.96666664
2.2737868 0.96666664
2.272865 0.96666664
2.2719445 0.96666664
2.2710242 0.96666664
2.270105 0.96666664
2.2691858 0.96666664
2.2682674 0.96666664
2.2673497 0.96666664
2.2664328 0.96666664
2.265516 0.96666664
2.2646003 0.96666664
2.2636855 0.96666664
2.2627707 0.96666664
2.2618568 0.96666664
2.2609432 0.96666664
2.2600303 0.96666664
2.2591186 0.96666664
2.2582068 0.96666664
2.257296 0.96666664
2.2563853 0.96666664
2.2554755 0.96666664
2.2545667 0.96666664
2.253658 0.96666664
2.2527504 0.96666664
2.251843 0.96666664
2.250936 0.96666664
2.25003 0.96666664
2.2491248 0.96666664
2.24822 0.96666664
2.2473156 0.96666664
2.2464113 0.96666664
2.2455082 0.96666664
2.2446063 0.96666664
2.243704 0.96666664
2.2428026 0.96666664
2.2419019 0.96666664
2.241002 0.96666664
2.2401025 0.96666664
2.2392035 0.96666664
