18.847576 0.16666667
10.613843 0.5
8.300952 0.53333336
7.265539 0.6666667
6.5575333 0.6666667
6.2963457 0.73333335
5.5685196 0.73333335
4.8897576 0.76666665
4.417825 0.8
4.1326914 0.8333333
3.835065 0.8666667
3.6435008 0.8666667
3.4336162 0.8666667
3.261081 0.9
3.1133118 0.9
2.9855077 0.93333334
2.871816 0.93333334
2.7683427 0.93333334
2.6728916 0.93333334
2.5844762 0.93333334
2.502796 0.93333334
2.4278202 0.93333334
2.3594923 0.93333334
2.2975798 0.93333334
2.2416668 0.93333334
2.1912208 0.93333334
2.145665 0.93333334
2.104433 0.93333334
2.0669963 0.93333334
2.0328786 0.93333334
2.001659 0.93333334
1.9729718 0.93333334
1.9464982 0.93333334
1.9219645 0.93333334
1.8991307 0.93333334
1.8777899 0.93333334
1.857759 0.93333334
1.8388742 0.93333334
1.8209896 0.93333334
1.8039691 0.93333334
1.787686 0.93333334
1.7720152 0.93333334
1.7568326 0.93333334
1.7420063 0.93333334
1.7273908 0.93333334
1.7128156 0.93333334
1.6980698 0.93333334
1.6828778 0.93333334
1.6668588 0.93333334
1.6494608 0.93333334
1.6298505 0.93333334
1.6067272 0.96666664
1.578045 0.96666664
1.5407516 0.96666664
1.4912719 0.96666664
1.4291631 0.96666664
1.3646592 0.96666664
1.3132641 0.96666664
1.2766105 0.96666664
1.2484542 0.96666664
1.2249211 0.96666664
1.204288 0.96666664
1.1856937 0.96666664
1.1686378 0.96666664
1.1527952 0.96666664
1.1379383 0.96666664
1.1238991 0.96666664
1.1105485 0.96666664
1.0977855 0.96666664
1.0855286 0.96666664
1.0737115 0.96666664
1.0622791 0.96666664
1.0511849 0.96666664
1.0403898 0.96666664
1.0298605 0.96666664
1.0195682 0.96666664
1.0094886 0.96666664
0.999599 0.96666664
0.98988146 0.96666664
0.98031896 0.96666664
0.9708965 0.96666664
0.96160156 0.96666664
0.9524213 0.96666664
0.9433464 0.96666664
0.93436694 0.96666664
0.92547375 0.96666664
0.91666013 0.96666664
0.9079188 0.96666664
0.8992427 0.96666664
0.8906268 0.96666664
0.88206553 0.96666664
0.8735535 0.96666664
0.86508715 0.96666664
0.85666156 0.96666664
0.84827346 0.96666664
0.8399185 0.96666664
0.83159465 0.96666664
0.823298 0.96666664
0.8150259 0.96666664
0.80677634 0.96666664
0.798547 0.96666664
0.7903354 0.96666664
0.78213996 0.96666664
0.77395904 0.96666664
0.7657908 0.96666664
0.7576343 0.96666664
0.7494885 0.96666664
0.74135226 0.96666664
0.7332251 0.96666664
0.7251066 0.96666664
0.7169966 0.96666664
0.70889467 0.96666664
0.7008019 0.96666664
0.6927182 0.96666664
0.68464386 0.96666664
0.6765803 0.96666664
0.66852885 0.96666664
0.6604909 0.96666664
0.6524676 0.96666664
0.64446086 0.96666664
0.6364733 0.96666664
0.6285068 0.96666664
0.62056386 0.96666664
0.6126477 0.96666664
0.6047606 0.96666664
0.5969061 0.96666664
0.58908707 0.96666664
0.5813068 1.0
0.5735688 1.0
0.5658766 1.0
0.55823356 1.0
0.55064356 1.0
0.5431095 1.0
0.53563535 1.0
0.5282247 1.0
0.5208803 1.0
0.51360595 1.0
0.5064043 1.0
0.49927863 1.0
0.4922318 1.0
0.48526582 1.0
0.47838348 1.0
0.47158706 1.0
0.4648787 1.0
0.45825952 1.0
0.45173168 1.0
0.44529635 1.0
0.43895432 1.0
0.43270686 1.0
0.42655483 1.0
0.42049834 1.0
0.4145378 1.0
0.40867332 1.0
0.402905 1.0
0.39723262 1.0
0.3916558 1.0
0.3861742 1.0
0.38078716 1.0
0.37549394 1.0
0.37029356 1.0
0.36518538 1.0
0.3601684 1.0
0.35524154 1.0
0.3504036 1.0
0.34565365 1.0
0.3409901 1.0
0.336412 1.0
0.3319181 1.0
0.32750672 1.0
0.3231766 1.0
0.31892675 1.0
0.31475514 1.0
0.31066102 1.0
0.306643 1.0
0.3026992 1.0
0.29882857 1.0
0.29502934 1.0
0.29130086 1.0
0.28764117 1.0
0.28404903 1.0
0.2805231 1.0
0.27706218 1.0
0.27366468 1.0
0.27032983 1.0
0.26705587 1.0
0.26384163 1.0
0.26068574 1.0
0.25758722 1.0
0.25454485 1.0
0.2515576 1.0
0.24862388 1.0
0.24574295 1.0
0.24291325 1.0
0.2401341 1.0
0.23740405 1.0
0.23472267 1.0
0.23208836 1.0
0.22950026 1.0
0.2269574 1.0
0.22445872 1.0
0.22200356 1.0
0.21959084 1.0
0.21721947 1.0
0.21488889 1.0
0.2125979 1.0
0.21034575 1.0
0.20813173 1.0
0.20595503 1.0
0.20381477 1.0
0.20171025 1.0
0.19964069 1.0
0.19760531 1.0
0.1956034 1.0
0.19363406 1.0
0.19169724 1.0
0.18979165 1.0
0.18791673 1.0
0.18607214 1.0
0.18425705 1.0
0.18247071 1.0
0.18071286 1.0
0.17898247 1.0
0.1772795 1.0
0.17560291 1.0
0.17395258 1.0
0.17232767 1.0
0.17072785 1.0
0.16915257 1.0
0.16760111 1.0
0.16607329 1.0
0.16456874 1.0
0.16308667 1.0
0.16162668 1.0
0.16018859 1.0
0.15877175 1.0
0.15737568 1.0
0.15600008 1.0
0.15464473 1.0
0.15330896 1.0
0.15199262 1.0
0.15069501 1.0
0.14941616 1.0
0.14815547 1.0
0.14691272 1.0
0.1456874 1.0
0.1444793 1.0
0.1432882 1.0
0.14211361 1.0
0.14095521 1.0
0.13981286 1.0
0.13868609 1.0
0.13757479 1.0
0.13647856 1.0
0.13539715 1.0
0.13433024 1.0
0.13327765 1.0
0.13223907 1.0
0.13121432 1.0
0.13020307 1.0
0.12920514 1.0
0.12822029 1.0
0.12724818 1.0
0.12628865 1.0
0.12534161 1.0
0.124406695 1.0
0.12348374 1.0
0.12257247 1.0
0.121672675 1.0
0.12078436 1.0
0.11990716 1.0
0.11904092 1.0
0.118185416 1.0
0.11734047 1.0
0.116505995 1.0
0.11568165 1.0
0.114867486 1.0
0.11406313 1.0
0.1132686 1.0
0.112483695 1.0
0.111707956 1.0
0.1109416 1.0
0.1101844 1.0
0.1094361 1.0
0.10869663 1.0
0.10796584 1.0
0.10724363 1.0
0.106529705 1.0
0.10582414 1.0
0.105126664 1.0
0.10443726 1.0
0.10375554 1.0
0.10308172 1.0
0.102415465 1.0
0.10175671 1.0
0.10110553 1.0
0.1004615 1.0
0.09982461 1.0
0.0991948 1.0
0.09857197 1.0
0.09795591 1.0
0.0973466 1.0
0.09674402 1.0
0.09614796 1.0
0.095558256 1.0
0.094974965 1.0
0.09439781 1.0
0.09382692 1.0
0.09326209 1.0
0.09270322 1.0
0.09215024 1.0
0.091602996 1.0
0.09106158 1.0
0.09052579 1.0
0.0899955 1.0
0.08947065 1.0
0.08895127 1.0
0.08843711 1.0
0.087928295 1.0
0.087424606 1.0
0.08692601 1.0
0.08643246 1.0
0.08594376 1.0
0.08546008 1.0
0.08498116 1.0
0.08450697 1.0
0.08403753 1.0
0.083572656 1.0
0.08311223 1.0
0.08265638 1.0
0.082204975 1.0
0.081758 1.0
0.08131531 1.0
0.080876745 1.0
0.080442496 1.0
0.08001235 1.0
0.07958633 1.0
0.07916421 1.0
0.078746215 1.0
0.07833207 1.0
0.07792185 1.0
0.077515356 1.0
0.077112734 1.0
0.0767138 1.0
0.076318465 1.0
0.075926855 1.0
0.0755388 1.0
0.07515429 1.0
0.0747733 1.0
0.07439565 1.0
0.07402146 1.0
0.073650554 1.0
0.07328308 1.0
0.07291877 1.0
0.07255775 1.0
0.07219988 1.0
0.07184525 1.0
0.07149367 1.0
0.07114519 1.0
0.07079968 1.0
0.070457205 1.0
0.07011777 1.0
0.06978117 1.0
0.06944753 1.0
0.06911668 1.0
0.06878866 1.0
0.06846345 1.0
0.06814096 1.0
0.067821234 1.0
0.06750421 1.0
0.06718981 1.0
0.06687795 1.0
0.06656883 1.0
0.066262156 1.0
0.065958075 1.0
0.06565644 1.0
0.06535737 1.0
0.065060735 1.0
0.06476644 1.0
0.064474605 1.0
0.06418508 1.0
0.06389794 1.0
0.0636131 1.0
0.063330516 1.0
0.06305025 1.0
0.06277211 1.0
0.0624962 1.0
0.06222251 1.0
0.06195093 1.0
0.06168151 1.0
0.061414227 1.0
0.061148994 1.0
0.060885806 1.0
0.060624678 1.0
0.060365565 1.0
0.06010845 1.0
0.059853327 1.0
0.059600085 1.0
0.059348896 1.0
0.05909953 1.0
0.058852058 1.0
0.058606483 1.0
0.05836273 1.0
0.058120828 1.0
0.057880696 1.0
0.05764237 1.0
0.057405785 1.0
0.057171017 1.0
0.056938022 1.0
0.056706652 1.0
0.05647693 1.0
0.056249 1.0
0.056022715 1.0
0.05579804 1.0
0.055575 1.0
0.055353552 1.0
0.055133693 1.0
0.054915484 1.0
0.054698765 1.0
0.054483615 1.0
0.054269984 1.0
0.054057874 1.0
0.05384725 1.0
0.053638138 1.0
0.053430486 1.0
0.053224277 1.0
0.05301952 1.0
0.052816212 1.0
0.052614264 1.0
0.052413788 1.0
0.0522146 1.0
0.052016832 1.0
0.051820442 1.0
0.05162537 1.0
0.051431645 1.0
0.051239196 1.0
0.051048107 1.0
0.05085825 1.0
0.05066974 1.0
0.050482433 1.0
0.050296403 1.0
0.050111648 1.0
0.04992807 1.0
0.049745772 1.0
0.04956465 1.0
0.049384728 1.0
0.049205992 1.0
0.049028434 1.0
0.04885201 1.0
0.048676766 1.0
0.048502635 1.0
0.048329696 1.0
0.048157804 1.0
0.04798705 1.0
0.047817394 1.0
0.0476489 1.0
0.047481373 1.0
0.047314927 1.0
0.04714958 1.0
0.046985313 1.0
0.046822038 1.0
0.04665979 1.0
0.04649863 1.0
0.046338424 1.0
0.0461792 1.0
0.04602103 1.0
0.045863792 1.0
0.04570751 1.0
0.04555229 1.0
0.045397952 1.0
0.045244582 1.0
0.045092188 1.0
0.044940695 1.0
0.044790126 1.0
0.04464051 1.0
0.044491805 1.0
0.04434393 1.0
0.044197008 1.0
0.044050988 1.0
0.043905787 1.0
0.0437615 1.0
0.04361803 1.0
0.04347551 1.0
0.04333377 1.0
0.043192867 1.0
0.043052807 1.0
0.042913586 1.0
0.04277523 1.0
0.04263762 1.0
0.0425008 1.0
0.04236485 1.0
0.04222964 1.0
0.042095236 1.0
0.041961625 1.0
0.04182878 1.0
0.04169673 1.0
0.041565366 1.0
0.041434802 1.0
0.041304976 1.0
0.0411759 1.0
0.041047595 1.0
0.040919974 1.0
0.040793076 1.0
0.040666923 1.0
0.040541448 1.0
0.040416658 1.0
0.040292658 1.0
0.040169287 1.0
0.040046647 1.0
0.039924633 1.0
0.039803382 1.0
0.03968271 1.0
0.039562754 1.0
0.039443467 1.0
0.039324827 1.0
0.03920681 1.0
0.039089456 1.0
0.0389728 1.0
0.038856715 1.0
0.038741257 1.0
0.038626455 1.0
0.038512267 1.0
0.038398743 1.0
0.03828577 1.0
0.038173407 1.0
0.03806168 1.0
0.037950505 1.0
0.03783993 1.0
0.037729982 1.0
0.037620626 1.0
0.037511826 1.0
0.037403602 1.0
0.037295934 1.0
0.037188888 1.0
0.037082337 1.0
0.036976375 1.0
0.03687101 1.0
0.036766104 1.0
0.03666179 1.0
0.036558017 1.0
0.03645476 1.0
0.036352094 1.0
0.036249913 1.0
0.03614826 1.0
0.036047116 1.0
0.035946548 1.0
0.035846457 1.0
0.03574685 1.0
0.035647772 1.0
0.03554921 1.0
0.03545112 1.0
0.03535357 1.0
0.035256457 1.0
0.035159864 1.0
0.03506375 1.0
0.034968123 1.0
0.034873024 1.0
0.03477832 1.0
0.03468413 1.0
0.034590382 1.0
0.0344971 1.0
0.03440427 1.0
0.034311946 1.0
0.034220017 1.0
0.034128606 1.0
0.034037575 1.0
0.033947036 1.0
0.033856913 1.0
0.03376724 1.0
0.033678 1.0
0.033589207 1.0
0.033500835 1.0
0.033412844 1.0
0.03332534 1.0
0.033238225 1.0
0.033151552 1.0
0.03306528 1.0
0.03297943 1.0
0.03289396 1.0
0.03280894 1.0
0.03272429 1.0
0.03264003 1.0
0.03255617 1.0
0.032472752 1.0
0.032389738 1.0
0.03230702 1.0
0.03222478 1.0
0.032142874 1.0
0.032061387 1.0
0.031980246 1.0
0.031899497 1.0
0.03181909 1.0
0.031739116 1.0
0.03165949 1.0
0.03158022 1.0
0.031501323 1.0
0.031422768 1.0
0.031344585 1.0
0.03126676 1.0
0.031189326 1.0
0.031112187 1.0
0.031035423 1.0
0.03095902 1.0
0.030882942 1.0
0.030807203 1.0
0.03073181 1.0
0.030656777 1.0
0.03058207 1.0
0.0305077 1.0
0.030433657 1.0
0.03035995 1.0
0.03028655 1.0
0.03021352 1.0
0.03014079 1.0
0.030068362 1.0
0.029996267 1.0
0.0299245 1.0
0.029853063 1.0
0.029781923 1.0
0.029711094 1.0
0.029640568 1.0
0.02957036 1.0
0.029500462 1.0
0.02943087 1.0
0.029361581 1.0
0.029292576 1.0
0.029223893 1.0
0.029155497 1.0
0.029087387 1.0
0.029019548 1.0
0.028952036 1.0
0.028884823 1.0
0.028817844 1.0
0.028751215 1.0
0.028684823 1.0
0.02861872 1.0
0.028552921 1.0
0.028487392 1.0
0.028422132 1.0
0.028357156 1.0
0.028292434 1.0
0.028227992 1.0
0.028163835 1.0
0.028099954 1.0
0.028036326 1.0
0.027972957 1.0
0.027909867 1.0
0.027847044 1.0
0.02778445 1.0
0.027722117 1.0
0.02766008 1.0
0.027598286 1.0
0.02753672 1.0
0.027475452 1.0
0.027414368 1.0
0.027353615 1.0
0.02729303 1.0
0.027232753 1.0
0.0271727 1.0
0.0271129 1.0
0.027053315 1.0
0.026993997 1.0
0.02693494 1.0
0.026876101 1.0
0.026817493 1.0
0.026759122 1.0
0.026700974 1.0
0.026643079 1.0
0.026585408 1.0
0.026527993 1.0
0.026470765 1.0
0.026413785 1.0
0.026357053 1.0
0.02630051 1.0
0.026244206 1.0
0.026188098 1.0
0.026132245 1.0
0.026076628 1.0
0.026021184 1.0
0.025965955 1.0
0.025910998 1.0
0.025856223 1.0
0.025801655 1.0
0.025747307 1.0
0.025693163 1.0
0.02563923 1.0
0.025585542 1.0
0.025532022 1.0
0.025478717 1.0
0.025425635 1.0
0.025372734 1.0
0.02532006 1.0
0.025267564 1.0
0.025215274 1.0
0.025163177 1.0
0.025111321 1.0
0.02505963 1.0
0.025008127 1.0
0.024956847 1.0
0.024905745 1.0
0.024854831 1.0
0.02480413 1.0
0.024753595 1.0
0.024703272 1.0
0.024653109 1.0
0.02460315 1.0
0.024553377 1.0
0.024503792 1.0
0.02445441 1.0
0.024405204 1.0
0.024356177 1.0
0.02430733 1.0
0.024258662 1.0
0.024210185 1.0
0.024161868 1.0
0.024113711 1.0
0.024065787 1.0
0.024018047 1.0
0.023970436 1.0
0.02392301 1.0
0.02387574 1.0
0.02382867 1.0
0.023781776 1.0
0.023735043 1.0
0.02368849 1.0
0.023642078 1.0
0.023595875 1.0
0.023549818 1.0
0.023503909 1.0
0.023458157 1.0
0.023412641 1.0
0.023367237 1.0
0.02332202 1.0
0.023276947 1.0
0.02323202 1.0
0.023187274 1.0
0.023142673 1.0
0.023098255 1.0
0.023053974 1.0
0.023009874 1.0
0.022965904 1.0
0.02292211 1.0
0.022878475 1.0
0.02283495 1.0
0.022791635 1.0
0.022748422 1.0
0.02270539 1.0
0.022662545 1.0
0.022619795 1.0
0.0225772 1.0
0.022534763 1.0
0.022492472 1.0
0.022450317 1.0
0.022408342 1.0
0.02236648 1.0
0.022324763 1.0
0.022283234 1.0
0.022241801 1.0
0.022200545 1.0
0.022159398 1.0
0.02211843 1.0
0.022077568 1.0
0.02203688 1.0
0.021996288 1.0
0.021955848 1.0
0.021915546 1.0
0.0218754 1.0
0.021835405 1.0
0.021795485 1.0
0.02175576 1.0
0.021716136 1.0
0.021676643 1.0
0.021637298 1.0
0.021598093 1.0
0.021559011 1.0
0.021520073 1.0
0.021481236 1.0
0.021442572 1.0
0.021404002 1.0
0.021365564 1.0
0.021327265 1.0
0.02128909 1.0
0.021251038 1.0
0.021213103 1.0
0.021175329 1.0
0.021137632 1.0
0.021100119 1.0
0.021062698 1.0
0.021025382 1.0
0.020988217 1.0
0.020951156 1.0
0.02091421 1.0
0.020877402 1.0
0.020840736 1.0
0.02080416 1.0
0.020767707 1.0
0.02073136 1.0
0.020695146 1.0
0.020659043 1.0
0.02062308 1.0
0.020587206 1.0
0.020551475 1.0
0.020515824 1.0
0.020480316 1.0
0.020444894 1.0
0.020409605 1.0
0.02037444 1.0
0.02033935 1.0
0.020304415 1.0
0.020269565 1.0
0.02023486 1.0
0.020200245 1.0
0.020165743 1.0
0.02013131 1.0
0.020097056 1.0
0.02006289 1.0
0.020028787 1.0
0.019994825 1.0
0.019960957 1.0
0.01992723 1.0
0.019893577 1.0
0.019860044 1.0
0.019826608 1.0
0.019793283 1.0
0.019760042 1.0
0.019726943 1.0
0.019693913 1.0
0.019661007 1.0
0.019628199 1.0
0.019595483 1.0
0.019562874 1.0
0.019530348 1.0
0.01949798 1.0
0.019465651 1.0
0.01943345 1.0
0.01940133 1.0
0.019369341 1.0
0.019337425 1.0
0.01930563 1.0
0.01927392 1.0
0.019242294 1.0
0.019210773 1.0
0.019179333 1.0
0.019148014 1.0
0.01911679 1.0
0.01908563 1.0
0.019054621 1.0
0.019023662 1.0
0.018992793 1.0
0.018962039 1.0
0.01893136 1.0
0.018900774 1.0
0.018870305 1.0
0.018839907 1.0
0.018809598 1.0
0.018779386 1.0
0.018749258 1.0
0.018719235 1.0
0.018689277 1.0
0.018659424 1.0
0.01862968 1.0
0.018600002 1.0
0.018570403 1.0
0.0185409 1.0
0.018511496 1.0
0.018482171 1.0
0.018452927 1.0
0.018423779 1.0
0.018394731 1.0
0.01836574 1.0
0.018336862 1.0
0.018308058 1.0
0.018279344 1.0
0.018250663 1.0
0.018222123 1.0
0.01819366 1.0
0.018165246 1.0
0.018136946 1.0
0.018108744 1.0
0.018080592 1.0
0.018052522 1.0
0.018024527 1.0
0.017996633 1.0
0.017968822 1.0
0.017941073 1.0
0.017913427 1.0
0.017885853 1.0
0.017858345 1.0
0.017830914 1.0
0.01780358 1.0
0.017776307 1.0
0.017749112 1.0
0.017722024 1.0
0.017694987 1.0
0.017668035 1.0
0.017641153 1.0
0.017614357 1.0
0.017587632 1.0
0.017560989 1.0
0.017534405 1.0
0.01750791 1.0
0.017481504 1.0
0.017455125 1.0
0.017428862 1.0
0.017402673 1.0
0.017376535 1.0
0.017350465 1.0
0.017324504 1.0
0.01729858 1.0
0.01727276 1.0
0.01724699 1.0
0.017221306 1.0
0.017195696 1.0
0.01717014 1.0
0.017144667 1.0
0.017119244 1.0
0.017093923 1.0
0.017068647 1.0
0.017043445 1.0
0.017018301 1.0
0.016993266 1.0
0.016968282 1.0
0.01694334 1.0
0.016918506 1.0
0.016893711 1.0
0.016868986 1.0
0.016844338 1.0
0.01681977 1.0
0.016795242 1.0
0.01677081 1.0
0.0167464 1.0
0.016722098 1.0
0.016697846 1.0
0.016673667 1.0
0.016649568 1.0
0.016625509 1.0
0.016601523 1.0
0.016577581 1.0
0.016553737 1.0
0.016529936 1.0
0.016506206 1.0
0.016482543 1.0
0.016458953 1.0
0.016435413 1.0
0.016411934 1.0
0.016388519 1.0
0.01636516 1.0
0.016341869 1.0
0.016318649 1.0
0.016295481 1.0
0.016272377 1.0
0.016249342 1.0
0.016226355 1.0
0.01620343 1.0
0.016180582 1.0
0.016157776 1.0
0.01613502 1.0
0.01611236 1.0
0.016089741 1.0
0.016067173 1.0
0.016044682 1.0
0.016022226 1.0
0.015999839 1.0
0.01597752 1.0
0.015955253 1.0
0.015933039 1.0
0.015910905 1.0
0.0158888 1.0
0.01586678 1.0
0.015844805 1.0
0.015822869 1.0
0.015801001 1.0
0.015779212 1.0
0.01575746 1.0
0.015735764 1.0
0.015714128 1.0
0.01569254 1.0
0.015671011 1.0
0.015649531 1.0
0.015628122 1.0
0.015606748 1.0
0.015585456 1.0
0.015564192 1.0
0.015542997 1.0
0.01552185 1.0
0.01550077 1.0
0.015479719 1.0
0.015458733 1.0
0.015437812 1.0
0.015416924 1.0
0.015396096 1.0
0.015375336 1.0
0.015354628 1.0
0.015333973 1.0
0.015313353 1.0
0.015292777 1.0
0.015272278 1.0
0.0152517995 1.0
0.015231401 1.0
0.015211047 1.0
0.015190735 1.0
0.015170496 1.0
0.015150273 1.0
0.015130133 1.0
0.015110007 1.0
0.0150899645 1.0
0.015069967 1.0
0.015050016 1.0
0.0150301065 1.0
0.015010269 1.0
0.014990455 1.0
0.01497068 1.0
0.014950994 1.0
0.01493133 1.0
0.014911726 1.0
0.014892174 1.0
0.014872655 1.0
0.014853189 1.0
0.014833765 1.0
0.014814395 1.0
0.014795085 1.0
0.014775785 1.0
0.014756553 1.0
0.014737377 1.0
0.0147182485 1.0
0.014699158 1.0
0.01468011 1.0
0.0146611165 1.0
0.014642156 1.0
0.014623275 1.0
0.014604418 1.0
0.014585586 1.0
0.014566837 1.0
0.01454811 1.0
0.014529448 1.0
0.014510794 1.0
0.014492207 1.0
0.014473676 1.0
0.01445519 1.0
0.01443673 1.0
0.014418326 1.0
0.01439994 1.0
0.014381628 1.0
0.014363347 1.0
0.014345118 1.0
0.014326939 1.0
0.014308804 1.0
0.014290687 1.0
0.014272632 1.0
0.014254615 1.0
0.014236625 1.0
0.014218684 1.0
0.014200806 1.0
0.014182955 1.0
0.014165156 1.0
0.014147377 1.0
0.0141296685 1.0
0.014111974 1.0
0.014094347 1.0
0.014076767 1.0
0.014059193 1.0
0.014041668 1.0
0.0140242055 1.0
0.014006774 1.0
0.0139893945 1.0
0.013972024 1.0
0.01395472 1.0
0.013937453 1.0
0.01392022 1.0
0.013903018 1.0
0.013885887 1.0
0.013868766 1.0
0.013851687 1.0
0.013834653 1.0
0.013817674 1.0
0.013800712 1.0
0.013783802 1.0
0.01376692 1.0
0.013750098 1.0
0.013733302 1.0
0.013716537 1.0
0.013699822 1.0
0.013683151 1.0
0.013666487 1.0
0.013649898 1.0
0.013633322 1.0
0.013616791 1.0
0.013600311 1.0
0.013583846 1.0
0.0135674365 1.0
0.013551048 1.0
0.013534693 1.0
0.013518404 1.0
0.013502127 1.0
0.013485905 1.0
0.013469691 1.0
0.01345354 1.0
0.013437414 1.0
0.013421334 1.0
0.013405297 1.0
0.013389269 1.0
0.013373301 1.0
0.013357346 1.0
0.013341457 1.0
0.013325594 1.0
0.013309749 1.0
0.013293948 1.0
0.013278181 1.0
0.013262464 1.0
0.013246775 1.0
0.013231119 1.0
0.013215474 1.0
0.01319988 1.0
0.013184334 1.0
0.013168808 1.0
0.013153326 1.0
0.013137891 1.0
0.013122464 1.0
0.0131070735 1.0
0.0130917365 1.0
0.0130764125 1.0
0.013061124 1.0
0.013045892 1.0
0.013030666 1.0
0.013015491 1.0
0.013000341 1.0
0.012985224 1.0
0.01297014 1.0
0.012955081 1.0
0.012940073 1.0
0.012925094 1.0
0.012910144 1.0
0.012895212 1.0
0.012880344 1.0
0.012865476 1.0
0.012850657 1.0
0.012835873 1.0
0.012821112 1.0
0.0128063895 1.0
0.012791691 1.0
0.01277704 1.0
0.012762407 1.0
0.01274779 1.0
0.012733242 1.0
0.012718689 1.0
0.012704197 1.0
0.012689729 1.0
0.012675303 1.0
0.012660887 1.0
0.012646504 1.0
0.012632136 1.0
0.012617825 1.0
0.012603539 1.0
0.012589282 1.0
0.01257506 1.0
0.012560867 1.0
0.0125467 1.0
0.012532575 1.0
0.012518462 1.0
0.0125043895 1.0
0.01249034 1.0
0.01247632 1.0
0.012462334 1.0
0.012448386 1.0
0.012434447 1.0
0.012420531 1.0
0.012406681 1.0
0.012392833 1.0
0.012379029 1.0
0.012365246 1.0
0.012351487 1.0
0.012337765 1.0
0.012324062 1.0
0.012310412 1.0
0.01229676 1.0
0.012283154 1.0
0.012269566 1.0
0.012256023 1.0
0.01224249 1.0
0.012228994 1.0
0.01221551 1.0
0.012202084 1.0
0.012188665 1.0
0.012175294 1.0
0.01216193 1.0
0.012148612 1.0
0.0121352915 1.0
0.012122029 1.0
0.012108766 1.0
0.012095567 1.0
0.0120823495 1.0
0.012069195 1.0
0.01205604 1.0
0.012042938 1.0
0.012029844 1.0
0.0120168 1.0
0.012003758 1.0
0.011990759 1.0
0.011977789 1.0
0.011964839 1.0
0.0119519 1.0
0.011939005 1.0
0.011926144 1.0
0.011913285 1.0
0.011900479 1.0
0.011887677 1.0
0.011874896 1.0
0.011862162 1.0
0.011849448 1.0
0.01183675 1.0
0.011824083 1.0
0.01181145 1.0
0.011798821 1.0
0.01178623 1.0
0.011773689 1.0
0.011761127 1.0
0.011748622 1.0
0.011736135 1.0
0.011723669 1.0
0.011711238 1.0
0.011698824 1.0
0.011686449 1.0
0.011674066 1.0
0.0116617195 1.0
0.011649417 1.0
0.011637127 1.0
0.011624854 1.0
0.011612619 1.0
0.011600409 1.0
0.011588198 1.0
0.0115760425 1.0
0.0115638925 1.0
0.011551782 1.0
0.011539673 1.0
0.011527596 1.0
0.011515556 1.0
0.011503512 1.0
0.01149154 1.0
0.01147956 1.0
0.011467604 1.0
0.011455672 1.0
0.011443758 1.0
0.011431877 1.0
0.011420025 1.0
0.011408186 1.0
0.0113963615 1.0
0.011384585 1.0
0.011372794 1.0
0.011361068 1.0
0.011349332 1.0
0.011337639 1.0
0.011325959 1.0
0.011314325 1.0
0.011302676 1.0
0.011291061 1.0
0.011279488 1.0
0.01126793 1.0
0.011256391 1.0
0.011244854 1.0
0.011233363 1.0
0.011221906 1.0
0.011210441 1.0
0.011199018 1.0
0.011187597 1.0
0.011176227 1.0
0.011164865 1.0
0.011153522 1.0
0.011142194 1.0
0.01113089 1.0
0.011119612 1.0
0.01110835 1.0
0.011097128 1.0
0.0110859135 1.0
0.011074716 1.0
0.011063555 1.0
0.011052409 1.0
0.011041271 1.0
0.011030167 1.0
0.01101907 1.0
0.011008031 1.0
0.010996984 1.0
0.010985958 1.0
0.01097495 1.0
0.010963971 1.0
0.010953013 1.0
0.010942057 1.0
0.010931151 1.0
0.010920261 1.0
0.0109093655 1.0
0.010898506 1.0
0.010887671 1.0
0.010876854 1.0
0.010866051 1.0
0.010855277 1.0
0.010844527 1.0
0.010833789 1.0
0.010823082 1.0
0.010812374 1.0
0.010801701 1.0
0.01079104 1.0
0.010780421 1.0
0.010769799 1.0
0.010759192 1.0
0.010748626 1.0
0.010738065 1.0
0.010727527 1.0
0.010717009 1.0
0.010706509 1.0
0.0106960405 1.0
0.010685578 1.0
0.010675137 1.0
0.010664713 1.0
0.010654314 1.0
0.010643929 1.0
0.010633569 1.0
0.01062322 1.0
0.010612911 1.0
0.010602593 1.0
0.01059231 1.0
0.010582039 1.0
0.010571801 1.0
0.0105615575 1.0
0.010551352 1.0
0.010541158 1.0
0.010530982 1.0
0.010520824 1.0
0.01051068 1.0
0.010500564 1.0
0.010490459 1.0
0.010480394 1.0
0.010470318 1.0
0.010460273 1.0
0.010450253 1.0
0.010440248 1.0
0.010430252 1.0
0.010420279 1.0
0.010410328 1.0
0.010400385 1.0
0.010390466 1.0
0.010380582 1.0
0.0103706885 1.0
0.010360809 1.0
0.010350962 1.0
0.010341134 1.0
0.010331317 1.0
0.010321527 1.0
0.010311753 1.0
0.010301983 1.0
0.01029224 1.0
0.010282522 1.0
0.010272814 1.0
0.010263133 1.0
0.010253447 1.0
0.010243805 1.0
0.01023416 1.0
0.010224538 1.0
0.010214932 1.0
0.010205353 1.0
0.010195777 1.0
0.01018623 1.0
0.010176691 1.0
0.010167178 1.0
0.010157669 1.0
0.010148188 1.0
0.010138718 1.0
0.0101292655 1.0
0.010119822 1.0
0.010110404 1.0
0.010100998 1.0
0.010091628 1.0
0.010082249 1.0
0.010072898 1.0
0.010063562 1.0
0.010054251 1.0
0.010044934 1.0
0.010035645 1.0
0.0100263795 1.0
0.010017114 1.0
0.010007884 1.0
0.009998657 1.0
0.009989454 1.0
0.009980272 1.0
0.009971077 1.0
0.009961926 1.0
0.009952782 1.0
0.009943661 1.0
0.009934549 1.0
0.009925459 1.0
0.009916376 1.0
0.009907311 1.0
0.009898261 1.0
0.009889234 1.0
0.009880214 1.0
0.009871226 1.0
0.009862234 1.0
0.009853263 1.0
0.009844315 1.0
0.009835366 1.0
0.009826441 1.0
0.009817537 1.0
0.009808639 1.0
0.009799776 1.0
0.009790905 1.0
0.009782053 1.0
0.009773223 1.0
0.009764405 1.0
0.009755591 1.0
0.009746809 1.0
0.009738039 1.0
0.009729288 1.0
0.009720526 1.0
0.009711808 1.0
0.0097031025 1.0
0.009694402 1.0
0.009685712 1.0
0.00967706 1.0
0.0096684005 1.0
0.009659761 1.0
0.009651143 1.0
0.009642527 1.0
0.009633927 1.0
0.0096253455 1.0
0.009616784 1.0
0.009608237 1.0
0.009599697 1.0
0.009591166 1.0
0.009582659 1.0
0.009574156 1.0
0.009565679 1.0
0.009557218 1.0
0.0095487675 1.0
0.009540334 1.0
0.0095319105 1.0
0.009523495 1.0
0.009515107 1.0
0.009506719 1.0
0.009498355 1.0
0.009490007 1.0
0.009481657 1.0
0.009473331 1.0
0.009465031 1.0
0.009456726 1.0
0.009448434 1.0
0.0094401715 1.0
0.00943191 1.0
0.009423671 1.0
0.00941544 1.0
0.0094072325 1.0
0.009399021 1.0
0.00939084 1.0
0.009382665 1.0
0.009374507 1.0
0.009366356 1.0
0.009358215 1.0
0.0093501 1.0
0.009341985 1.0
0.009333892 1.0
0.009325818 1.0
0.00931775 1.0
0.00930969 1.0
0.00930164 1.0
0.009293616 1.0
0.009285605 1.0
0.009277603 1.0
0.009269614 1.0
0.009261632 1.0
0.009253664 1.0
0.009245713 1.0
0.009237783 1.0
0.009229856 1.0
0.009221939 1.0
0.009214032 1.0
0.009206152 1.0
0.009198286 1.0
0.009190429 1.0
0.009182582 1.0
0.00917474 1.0
0.009166919 1.0
0.0091590965 1.0
0.009151311 1.0
0.009143528 1.0
0.009135757 1.0
0.0091279885 1.0
0.009120251 1.0
0.009112515 1.0
0.009104797 1.0
0.009097081 1.0
0.009089391 1.0
0.00908171 1.0
0.00907404 1.0
0.009066377 1.0
0.009058729 1.0
0.009051083 1.0
0.009043463 1.0
0.009035856 1.0
0.009028255 1.0
0.009020671 1.0
0.009013088 1.0
0.009005526 1.0
0.0089979805 1.0
0.008990435 1.0
