13.871817 0.4
12.401394 0.53333336
11.765533 0.53333336
11.394956 0.56666666
11.062861 0.6
10.736405 0.6
10.407239 0.6333333
10.089525 0.6333333
9.799296 0.6333333
9.535403 0.6333333
9.296336 0.6666667
9.081405 0.7
8.887739 0.7
8.710499 0.7
8.544083 0.76666665
8.382928 0.76666665
8.221528 0.76666665
8.053749 0.76666665
7.8715715 0.76666665
7.663973 0.76666665
7.4210243 0.76666665
7.1559696 0.76666665
6.9137278 0.76666665
6.713294 0.76666665
6.5479636 0.76666665
6.406862 0.76666665
6.2812114 0.76666665
6.166207 0.76666665
6.059307 0.76666665
5.9589844 0.76666665
5.864167 0.76666665
5.7740154 0.76666665
5.687819 0.76666665
5.604947 0.76666665
5.5248213 0.76666665
5.4468822 0.76666665
5.370574 0.76666665
5.295312 0.76666665
5.2204456 0.76666665
5.145214 0.76666665
5.068676 0.76666665
4.9896173 0.76666665
4.9064393 0.76666665
4.817089 0.76666665
4.7192793 0.8
4.6117053 0.8
4.497203 0.8
4.385575 0.8666667
4.2880945 0.8666667
4.207577 0.8666667
4.1399927 0.8666667
4.0810084 0.8666667
4.0278935 0.8666667
3.9790862 0.8666667
3.93366 0.8666667
3.8910244 0.8666667
3.8507748 0.8666667
3.812615 0.8666667
3.7763166 0.9
3.741696 0.9
3.7086012 0.9
3.6769037 0.9
3.6464908 0.9
3.6172667 0.9
3.5891447 0.9
3.562049 0.9
3.5359106 0.9
3.5106678 0.9
3.4862654 0.9
3.4626513 0.9
3.4397805 0.9
3.4176102 0.9
3.396101 0.9
3.3752174 0.9
3.3549266 0.9
3.3351972 0.9
3.3160017 0.9
3.2973123 0.9
3.2791057 0.9
3.2613575 0.9
3.2440464 0.9
3.2271533 0.9
3.2106576 0.9
3.1945426 0.9
3.178791 0.9
3.1633873 0.9
3.148316 0.9
3.1335635 0.93333334
3.1191158 0.93333334
3.1049612 0.93333334
3.0910869 0.93333334
3.077482 0.93333334
3.0641358 0.93333334
3.051038 0.93333334
3.0381784 0.93333334
3.0255487 0.93333334
3.0131392 0.93333334
3.0009427 0.93333334
2.98895 0.93333334
2.9771538 0.93333334
2.9655478 0.93333334
2.9541242 0.93333334
2.9428763 0.93333334
2.9317987 0.93333334
2.9208846 0.93333334
2.910129 0.93333334
2.8995254 0.93333334
2.8890696 0.93333334
2.878756 0.93333334
2.8685799 0.93333334
2.858537 0.93333334
2.8486218 0.93333334
2.838832 0.93333334
2.8291624 0.93333334
2.819609 0.93333334
2.8101683 0.93333334
2.8008366 0.93333334
2.7916107 0.93333334
2.7824874 0.93333334
2.7734635 0.93333334
2.7645354 0.93333334
2.7557006 0.93333334
2.7469566 0.93333334
2.7383003 0.93333334
2.7297287 0.93333334
2.72124 0.93333334
2.712831 0.93333334
2.7045 0.93333334
2.6962445 0.93333334
2.688062 0.93333334
2.6799505 0.93333334
2.6719084 0.93333334
2.6639328 0.93333334
2.6560223 0.93333334
2.6481748 0.93333334
2.6403887 0.93333334
2.6326623 0.93333334
2.6249928 0.93333334
2.61738 0.93333334
2.6098204 0.93333334
2.602314 0.93333334
2.5948582 0.93333334
2.5874515 0.93333334
2.5800927 0.93333334
2.5727797 0.93333334
2.5655117 0.93333334
2.558286 0.93333334
2.551102 0.93333334
2.543958 0.93333334
2.536852 0.93333334
2.5297828 0.93333334
2.5227492 0.93333334
2.5157495 0.93333334
2.5087817 0.93333334
2.5018446 0.93333334
2.494937 0.93333334
2.4880562 0.93333334
2.4812016 0.93333334
2.4743714 0.93333334
2.4675639 0.93333334
2.4607768 0.93333334
2.4540093 0.93333334
2.4472587 0.93333334
2.4405236 0.93333334
2.4338026 0.93333334
2.427093 0.93333334
2.4203925 0.93333334
2.4137 0.93333334
2.407013 0.93333334
2.4003289 0.93333334
2.3936453 0.93333334
2.3869605 0.93333334
2.3802712 0.93333334
2.373575 0.93333334
2.3668694 0.93333334
2.3601515 0.93333334
2.3534179 0.93333334
2.3466656 0.93333334
2.3398914 0.93333334
2.3330917 0.93333334
2.326263 0.93333334
2.3194005 0.93333334
2.3125014 0.93333334
2.3055606 0.93333334
2.298574 0.93333334
2.2915359 0.93333334
2.2844417 0.93333334
2.2772868 0.93333334
2.2700636 0.93333334
2.2627673 0.93333334
2.2553911 0.93333334
2.247928 0.93333334
2.2403705 0.93333334
2.2327108 0.93333334
2.2249403 0.93333334
2.2170498 0.93333334
2.2090302 0.93333334
2.2008712 0.93333334
2.1925616 0.93333334
2.1840897 0.93333334
2.175444 0.93333334
2.1666107 0.93333334
2.1575768 0.96666664
2.1483276 0.96666664
2.1388485 0.96666664
2.129125 0.96666664
2.119142 0.96666664
2.1088853 0.96666664
2.0983417 0.96666664
2.0874999 0.96666664
2.0763505 0.96666664
2.0648904 0.96666664
2.0531201 0.96666664
2.0410492 0.96666664
2.0286956 0.96666664
2.0160885 0.96666664
2.00327 0.96666664
1.990295 0.96666664
1.9772308 0.96666664
1.9641546 0.96666664
1.9511489 0.96666664
1.9382981 0.96666664
1.9256809 0.96666664
1.9133654 0.96666664
1.9014047 0.96666664
1.889837 0.96666664
1.878682 0.96666664
1.8679476 0.96666664
1.8576288 0.96666664
1.8477143 0.96666664
1.8381864 0.96666664
1.8290267 0.96666664
1.8202144 0.96666664
1.8117297 0.96666664
1.8035531 0.96666664
1.7956663 0.96666664
1.7880532 0.96666664
1.7806964 0.96666664
1.7735815 0.96666664
1.7666948 0.96666664
1.7600229 0.96666664
1.7535535 0.96666664
1.7472752 0.96666664
1.7411776 0.96666664
1.7352496 0.96666664
1.7294828 0.96666664
1.723867 0.96666664
1.7183954 0.96666664
1.7130593 0.96666664
1.7078516 0.96666664
1.7027658 0.96666664
1.6977952 0.96666664
1.692934 0.96666664
1.6881765 0.96666664
1.6835182 0.96666664
1.6789539 0.96666664
1.6744788 0.96666664
1.6700892 0.96666664
1.665781 0.96666664
1.661551 0.96666664
1.6573954 0.96666664
1.653311 0.96666664
1.649295 0.96666664
1.6453443 0.96666664
1.6414567 0.96666664
1.6376299 0.96666664
1.6338613 0.96666664
1.6301488 0.96666664
1.6264904 0.96666664
1.6228845 0.96666664
1.6193285 0.96666664
1.6158216 0.96666664
1.6123619 0.96666664
1.6089478 0.96666664
1.6055778 0.96666664
1.6022508 0.96666664
1.5989654 0.96666664
1.5957204 0.96666664
1.5925149 0.96666664
1.5893474 0.96666664
1.586217 0.96666664
1.583123 0.96666664
1.5800637 0.96666664
1.5770395 0.96666664
1.574048 0.96666664
1.5710899 0.96666664
1.5681632 0.96666664
1.5652679 0.96666664
1.5624028 0.96666664
1.5595675 0.96666664
1.5567614 0.96666664
1.5539836 0.96666664
1.5512335 0.96666664
1.548511 0.96666664
1.545815 0.96666664
1.5431451 0.96666664
1.540501 0.96666664
1.5378819 0.96666664
1.5352873 0.96666664
1.5327172 0.96666664
1.5301707 0.96666664
1.5276474 0.96666664
1.5251468 0.96666664
1.5226688 0.96666664
1.5202128 0.96666664
1.5177784 0.96666664
1.5153657 0.96666664
1.5129734 0.96666664
1.5106021 0.96666664
1.508251 0.96666664
1.5059193 0.96666664
1.5036076 0.96666664
1.5013151 0.96666664
1.4990417 0.96666664
1.4967867 0.96666664
1.4945502 0.96666664
1.4923322 0.96666664
1.4901314 0.96666664
1.4879485 0.96666664
1.4857829 0.96666664
1.4836345 0.96666664
1.4815028 0.96666664
1.4793876 0.96666664
1.4772888 0.96666664
1.4752059 0.96666664
1.473139 0.96666664
1.471088 0.96666664
1.4690524 0.96666664
1.4670316 0.96666664
1.4650264 0.96666664
1.4630361 0.96666664
1.46106 0.96666664
1.4590988 0.96666664
1.4571514 0.96666664
1.4552186 0.96666664
1.4532993 0.96666664
1.4513941 0.96666664
1.4495019 0.96666664
1.4476237 0.96666664
1.4457583 0.96666664
1.4439064 0.96666664
1.4420669 0.96666664
1.4402407 0.96666664
1.4384267 0.96666664
1.4366254 0.96666664
1.4348361 0.96666664
1.4330595 0.96666664
1.4312946 0.96666664
1.4295413 0.96666664
1.4278002 0.96666664
1.4260705 0.96666664
1.4243524 0.96666664
1.4226456 0.96666664
1.4209499 0.96666664
1.4192655 0.96666664
1.417592 0.96666664
1.4159294 0.96666664
1.4142774 0.96666664
1.4126363 0.96666664
1.4110055 0.96666664
1.4093852 0.96666664
1.4077754 0.96666664
1.4061756 0.96666664
1.4045857 0.96666664
1.403006 0.96666664
1.401436 0.96666664
1.399876 0.96666664
1.3983256 0.96666664
1.3967847 0.96666664
1.3952531 0.96666664
1.3937312 0.96666664
1.3922185 0.96666664
1.3907148 0.96666664
1.3892204 0.96666664
1.3877351 0.96666664
1.3862585 0.96666664
1.3847908 0.96666664
1.3833318 0.96666664
1.3818817 0.96666664
1.3804398 0.96666664
1.3790069 0.96666664
1.3775817 0.96666664
1.3761656 0.96666664
1.3747573 0.96666664
1.3733574 0.96666664
1.3719654 0.96666664
1.3705816 0.96666664
1.3692058 0.96666664
1.3678377 0.96666664
1.3664775 0.96666664
1.3651251 0.96666664
1.3637805 0.96666664
1.3624432 0.96666664
1.3611135 0.96666664
1.3597915 0.96666664
1.3584769 0.96666664
1.3571694 0.96666664
1.3558692 0.96666664
1.3545762 0.96666664
1.3532902 0.96666664
1.3520117 0.96666664
1.3507398 0.96666664
1.3494751 0.96666664
1.3482176 0.96666664
1.3469664 0.96666664
1.3457221 0.96666664
1.3444847 0.96666664
1.343254 0.96666664
1.3420297 0.96666664
1.340812 0.96666664
1.339601 0.96666664
1.3383963 0.96666664
1.3371979 0.96666664
1.336006 0.96666664
1.3348203 0.96666664
1.3336408 0.96666664
1.3324678 0.96666664
1.3313006 0.96666664
1.3301394 0.96666664
1.3289846 0.96666664
1.3278356 0.96666664
1.3266925 0.96666664
1.3255553 0.96666664
1.324424 0.96666664
1.3232987 0.96666664
1.3221788 0.96666664
1.3210648 0.96666664
1.3199565 0.96666664
1.3188536 0.96666664
1.3177564 0.96666664
1.3166647 0.96666664
1.3155787 0.96666664
1.314498 0.96666664
1.3134228 0.96666664
1.3123527 0.96666664
1.3112881 0.96666664
1.3102288 0.96666664
1.3091747 0.96666664
1.308126 0.96666664
1.3070822 0.96666664
1.3060436 0.96666664
1.3050102 0.96666664
1.3039818 0.96666664
1.3029583 0.96666664
1.3019397 0.96666664
1.3009263 0.96666664
1.299918 0.96666664
1.2989142 0.96666664
1.2979153 0.96666664
1.2969211 0.96666664
1.2959318 0.96666664
1.2949471 0.96666664
1.2939675 0.96666664
1.2929922 0.96666664
1.2920215 0.96666664
1.2910557 0.96666664
1.2900943 0.96666664
1.2891374 0.96666664
1.2881848 0.96666664
1.2872366 0.96666664
1.2862934 0.96666664
1.2853541 0.96666664
1.2844195 0.96666664
1.2834892 0.96666664
1.2825631 0.96666664
1.2816412 0.96666664
1.2807238 0.96666664
1.2798104 0.96666664
1.2789013 0.96666664
1.2779965 0.96666664
1.2770956 0.96666664
1.2761987 0.96666664
1.2753063 0.96666664
1.2744178 0.96666664
1.2735331 0.96666664
1.2726525 0.96666664
1.2717761 0.96666664
1.2709033 0.96666664
1.2700347 0.96666664
1.2691699 0.96666664
1.268309 0.96666664
1.2674519 0.96666664
1.2665983 0.96666664
1.2657491 0.96666664
1.2649033 0.96666664
1.2640612 0.96666664
1.2632229 0.96666664
1.2623883 0.96666664
1.2615576 0.96666664
1.26073 0.96666664
1.2599066 0.96666664
1.2590866 0.96666664
1.2582703 0.96666664
1.2574571 0.96666664
1.2566477 0.96666664
1.2558417 0.96666664
1.2550395 0.96666664
1.2542405 0.96666664
1.2534449 0.96666664
1.252653 0.96666664
1.2518642 0.96666664
1.2510787 0.96666664
1.2502968 0.96666664
1.249518 0.96666664
1.2487427 0.96666664
1.2479706 0.96666664
1.2472017 0.96666664
1.2464362 0.96666664
1.245674 0.96666664
1.2449148 0.96666664
1.2441589 0.96666664
1.243406 0.96666664
1.2426562 0.96666664
1.2419097 0.96666664
1.2411665 0.96666664
1.240426 0.96666664
1.2396888 0.96666664
1.2389543 0.96666664
1.2382231 0.96666664
1.2374947 0.96666664
1.2367697 0.96666664
1.2360473 0.96666664
1.235328 0.96666664
1.2346117 0.96666664
1.2338982 0.96666664
1.2331874 0.96666664
1.2324797 0.96666664
1.2317749 0.96666664
1.231073 0.96666664
1.2303735 0.96666664
1.2296771 0.96666664
1.2289836 0.96666664
1.2282927 0.96666664
1.2276045 0.96666664
1.2269193 0.96666664
1.2262366 0.96666664
1.2255566 0.96666664
1.2248793 0.96666664
1.2242047 0.96666664
1.2235327 0.96666664
1.2228633 0.96666664
1.2221965 0.96666664
1.2215325 0.96666664
1.220871 0.96666664
1.220212 0.96666664
1.2195554 0.96666664
1.2189014 0.96666664
1.2182502 0.96666664
1.2176012 0.96666664
1.216955 0.96666664
1.216311 0.96666664
1.2156694 0.96666664
1.2150304 0.96666664
1.2143937 0.96666664
1.2137594 0.96666664
1.2131276 0.96666664
1.2124982 0.96666664
1.2118714 0.96666664
1.2112464 0.96666664
1.2106242 0.96666664
1.2100039 0.96666664
1.2093862 0.96666664
1.2087708 0.96666664
1.2081572 0.96666664
1.2075464 0.96666664
1.2069377 0.96666664
1.2063315 0.96666664
1.205727 0.96666664
1.2051249 0.96666664
1.2045251 0.96666664
1.2039275 0.96666664
1.2033317 0.96666664
1.2027385 0.96666664
1.2021471 0.96666664
1.201558 0.96666664
1.2009709 0.96666664
1.2003859 0.96666664
1.1998031 0.96666664
1.1992223 0.96666664
1.1986436 0.96666664
1.1980667 0.96666664
1.1974922 0.96666664
1.1969194 0.96666664
1.1963489 0.96666664
1.1957803 0.96666664
1.1952134 0.96666664
1.1946487 0.96666664
1.1940861 0.96666664
1.193525 0.96666664
1.1929661 0.96666664
1.1924092 0.96666664
1.1918541 0.96666664
1.1913007 0.96666664
1.1907496 0.96666664
1.1902002 0.96666664
1.1896524 0.96666664
1.1891067 0.96666664
1.1885626 0.96666664
1.1880205 0.96666664
1.1874801 0.96666664
1.1869416 0.96666664
1.1864048 0.96666664
1.1858697 0.96666664
1.1853366 0.96666664
1.1848053 0.96666664
1.1842757 0.96666664
1.1837475 0.96666664
1.1832211 0.96666664
1.1826966 0.96666664
1.1821735 0.96666664
1.1816523 0.96666664
1.1811332 0.96666664
1.1806152 0.96666664
1.1800988 0.96666664
1.1795843 0.96666664
1.1790714 0.96666664
1.17856 0.96666664
1.1780502 0.96666664
1.1775421 0.96666664
1.1770356 0.96666664
1.1765306 0.96666664
1.176027 0.96666664
1.1755254 0.96666664
1.175025 0.96666664
1.1745262 0.96666664
1.174029 0.96666664
1.1735334 0.96666664
1.1730391 0.96666664
1.1725464 0.96666664
1.1720551 0.96666664
1.1715655 0.96666664
1.171077 0.96666664
1.1705904 0.96666664
1.170105 0.96666664
1.1696211 0.96666664
1.1691389 0.96666664
1.1686577 0.96666664
1.1681781 0.96666664
1.1676997 0.96666664
1.1672229 0.96666664
1.1667476 0.96666664
1.1662735 0.96666664
1.1658008 0.96666664
1.1653293 0.96666664
1.1648594 0.96666664
1.1643909 0.96666664
1.1639236 0.96666664
1.1634576 0.96666664
1.162993 0.96666664
1.1625296 0.96666664
1.1620677 0.96666664
1.161607 0.96666664
1.1611475 0.96666664
1.1606894 0.96666664
1.1602325 0.96666664
1.1597769 0.96666664
1.1593224 0.96666664
1.1588693 0.96666664
1.1584175 0.96666664
1.1579667 0.96666664
1.1575172 0.96666664
1.1570692 0.96666664
1.156622 0.96666664
1.1561763 0.96666664
1.1557318 0.96666664
1.1552883 0.96666664
1.154846 0.96666664
1.154405 0.96666664
1.153965 0.96666664
1.1535263 0.96666664
1.1530887 0.96666664
1.1526523 0.96666664
1.1522167 0.96666664
1.1517826 0.96666664
1.1513495 0.96666664
1.1509175 0.96666664
1.1504867 0.96666664
1.1500568 0.96666664
1.1496283 0.96666664
1.1492008 0.96666664
1.1487741 0.96666664
1.1483488 0.96666664
1.1479245 0.96666664
1.1475012 0.96666664
1.147079 0.96666664
1.1466578 0.96666664
1.1462376 0.96666664
1.1458184 0.96666664
1.1454004 0.96666664
1.1449834 0.96666664
1.1445673 0.96666664
1.1441524 0.96666664
1.1437383 0.96666664
1.1433251 0.96666664
1.1429132 0.96666664
1.1425021 0.96666664
1.1420918 0.96666664
1.1416826 0.96666664
1.1412747 0.96666664
1.1408675 0.96666664
1.1404612 0.96666664
1.140056 0.96666664
1.1396515 0.96666664
1.1392481 0.96666664
1.1388457 0.96666664
1.1384441 0.96666664
1.1380436 0.96666664
1.1376439 0.96666664
1.1372449 0.96666664
1.136847 0.96666664
1.1364503 0.96666664
1.136054 0.96666664
1.1356589 0.96666664
1.1352644 0.96666664
1.134871 0.96666664
1.1344782 0.96666664
1.1340866 0.96666664
1.1336957 0.96666664
1.1333059 0.96666664
1.1329166 0.96666664
1.1325282 0.96666664
1.1321408 0.96666664
1.1317542 0.96666664
1.1313683 0.96666664
1.1309835 0.96666664
1.1305993 0.96666664
1.1302158 0.96666664
1.1298333 0.96666664
1.1294516 0.96666664
1.1290706 0.96666664
1.1286906 0.96666664
1.1283113 0.96666664
1.1279327 0.96666664
1.127555 0.96666664
1.127178 0.96666664
1.1268018 0.96666664
1.1264265 0.96666664
1.1260518 0.96666664
1.1256776 0.96666664
1.1253045 0.96666664
1.124932 0.96666664
1.1245605 0.96666664
1.1241894 0.96666664
1.1238192 0.96666664
1.1234497 0.96666664
1.1230811 0.96666664
1.122713 0.96666664
1.1223458 0.96666664
1.1219791 0.96666664
1.1216131 0.96666664
1.1212481 0.96666664
1.1208837 0.96666664
1.1205199 0.96666664
1.1201569 0.96666664
1.1197945 0.96666664
1.1194327 0.96666664
1.1190715 0.96666664
1.1187112 0.96666664
1.1183517 0.96666664
1.1179926 0.96666664
1.1176342 0.96666664
1.1172768 0.96666664
1.1169198 0.96666664
1.1165631 0.96666664
1.1162076 0.96666664
1.1158525 0.96666664
1.1154981 0.96666664
1.1151443 0.96666664
1.1147912 0.96666664
1.1144385 0.96666664
1.1140866 0.96666664
1.1137353 0.96666664
1.1133845 0.96666664
1.1130345 0.96666664
1.1126852 0.96666664
1.1123364 0.96666664
1.1119882 0.96666664
1.1116406 0.96666664
1.1112933 0.96666664
1.110947 0.96666664
1.110601 0.96666664
1.1102558 0.96666664
1.1099112 0.96666664
1.109567 0.96666664
1.1092235 0.96666664
1.1088805 0.96666664
1.1085383 0.96666664
1.1081964 0.96666664
1.1078551 0.96666664
1.1075144 0.96666664
1.1071742 0.96666664
1.1068348 0.96666664
1.1064956 0.96666664
1.1061571 0.96666664
1.1058191 0.96666664
1.1054817 0.96666664
1.1051447 0.96666664
1.1048084 0.96666664
1.1044725 0.96666664
1.1041372 0.96666664
1.1038026 0.96666664
1.1034682 0.96666664
1.1031345 0.96666664
1.1028013 0.96666664
1.1024686 0.96666664
1.1021364 0.96666664
1.1018045 0.96666664
1.1014735 0.96666664
1.1011426 0.96666664
1.1008126 0.96666664
1.1004828 0.96666664
1.1001536 0.96666664
1.099825 0.96666664
1.0994967 0.96666664
1.0991688 0.96666664
1.0988415 0.96666664
1.0985147 0.96666664
1.0981883 0.96666664
1.0978624 0.96666664
1.0975369 0.96666664
1.0972121 0.96666664
1.0968876 0.96666664
1.0965636 0.96666664
1.0962399 0.96666664
1.0959166 0.96666664
1.095594 0.96666664
1.0952717 0.96666664
1.0949498 0.96666664
1.0946286 0.96666664
1.0943077 0.96666664
1.0939871 0.96666664
1.0936669 0.96666664
1.0933474 0.96666664
1.0930282 0.96666664
1.0927094 0.96666664
1.092391 0.96666664
1.092073 0.96666664
1.0917555 0.96666664
1.0914385 0.96666664
1.0911217 0.96666664
1.0908054 0.96666664
1.0904895 0.96666664
1.090174 0.96666664
1.0898589 0.96666664
1.0895442 0.96666664
1.08923 0.96666664
1.0889161 0.96666664
1.0886023 0.96666664
1.0882893 0.96666664
1.0879766 0.96666664
1.0876641 0.96666664
1.0873522 0.96666664
1.0870404 0.96666664
1.0867294 0.96666664
1.0864185 0.96666664
1.086108 0.96666664
1.085798 0.96666664
1.0854883 0.96666664
1.0851789 0.96666664
1.0848697 0.96666664
1.0845612 0.96666664
1.0842528 0.96666664
1.0839449 0.96666664
1.0836375 0.96666664
1.0833302 0.96666664
1.0830232 0.96666664
1.0827167 0.96666664
1.0824103 0.96666664
1.0821046 0.96666664
1.081799 0.96666664
1.0814941 0.96666664
1.081189 0.96666664
1.0808847 0.96666664
1.0805805 0.96666664
1.0802765 0.96666664
1.0799729 0.96666664
1.0796697 0.96666664
1.0793669 0.96666664
1.0790644 0.96666664
1.078762 0.96666664
1.0784602 0.96666664
1.0781583 0.96666664
1.0778573 0.96666664
1.077556 0.96666664
1.0772554 0.96666664
1.0769551 0.96666664
1.076655 0.96666664
1.0763553 0.96666664
1.0760558 0.96666664
1.0757567 0.96666664
1.0754578 0.96666664
1.0751593 0.96666664
1.0748608 0.96666664
1.0745628 0.96666664
1.074265 0.96666664
1.0739676 0.96666664
1.0736706 0.96666664
1.0733737 0.96666664
1.0730771 0.96666664
1.0727808 0.96666664
1.0724847 0.96666664
1.0721891 0.96666664
1.0718933 0.96666664
1.0715984 0.96666664
1.0713034 0.96666664
1.0710088 0.96666664
1.0707142 0.96666664
1.07042 0.96666664
1.0701263 0.96666664
1.0698324 0.96666664
1.0695392 0.96666664
1.0692459 0.96666664
1.0689534 0.96666664
1.0686605 0.96666664
1.0683682 0.96666664
1.0680761 0.96666664
1.0677843 0.96666664
1.0674925 0.96666664
1.0672011 0.96666664
1.0669101 0.96666664
1.0666192 0.96666664
1.0663285 0.96666664
1.0660381 0.96666664
1.065748 0.96666664
1.0654579 0.96666664
1.0651683 0.96666664
1.0648787 0.96666664
1.0645895 0.96666664
1.0643005 0.96666664
1.0640116 0.96666664
1.0637231 0.96666664
1.0634346 0.96666664
1.0631466 0.96666664
1.0628587 0.96666664
1.0625709 0.96666664
1.0622834 0.96666664
1.0619962 0.96666664
1.0617092 0.96666664
1.0614222 0.96666664
1.0611358 0.96666664
1.0608492 0.96666664
1.0605631 0.96666664
1.0602769 0.96666664
1.0599912 0.96666664
1.0597057 0.96666664
1.0594201 0.96666664
1.059135 0.96666664
1.0588499 0.96666664
1.058565 0.96666664
1.0582803 0.96666664
1.057996 0.96666664
1.0577117 0.96666664
1.0574278 0.96666664
1.0571437 0.96666664
1.0568601 0.96666664
1.0565765 0.96666664
1.0562934 0.96666664
1.0560102 0.96666664
1.0557272 0.96666664
1.0554446 0.96666664
1.0551617 0.96666664
1.0548794 0.96666664
1.0545973 0.96666664
1.0543151 0.96666664
1.054033 0.96666664
1.0537517 0.96666664
1.05347 0.96666664
1.0531887 0.96666664
1.0529076 0.96666664
1.0526265 0.96666664
1.0523455 0.96666664
1.0520649 0.96666664
1.0517843 0.96666664
1.0515039 0.96666664
1.0512238 0.96666664
1.0509435 0.96666664
1.0506638 0.96666664
1.050384 0.96666664
1.0501045 0.96666664
1.0498251 0.96666664
1.0495458 0.96666664
1.0492665 0.96666664
1.0489875 0.96666664
1.0487087 0.96666664
1.04843 0.96666664
1.0481515 0.96666664
1.047873 0.96666664
1.0475948 0.96666664
1.0473167 0.96666664
1.0470388 0.96666664
1.0467609 0.96666664
1.0464833 0.96666664
1.0462058 0.96666664
1.0459282 0.96666664
1.045651 0.96666664
1.0453738 0.96666664
1.0450966 0.96666664
1.0448198 0.96666664
1.0445433 0.96666664
1.0442666 0.96666664
1.0439901 0.96666664
1.0437137 0.96666664
1.0434375 0.96666664
1.0431613 0.96666664
1.0428855 0.96666664
1.0426095 0.96666664
1.042334 0.96666664
1.0420582 0.96666664
1.0417825 0.96666664
1.0415074 0.96666664
1.041232 0.96666664
1.040957 0.96666664
1.0406818 0.96666664
1.040407 0.96666664
1.0401322 0.96666664
1.0398574 0.96666664
1.039583 0.96666664
1.0393083 0.96666664
1.0390341 0.96666664
1.0387598 0.96666664
1.0384858 0.96666664
1.0382116 0.96666664
1.0379378 0.96666664
1.0376639 0.96666664
1.03739 0.96666664
1.0371166 0.96666664
1.0368431 0.96666664
1.0365696 0.96666664
1.0362962 0.96666664
1.0360231 0.96666664
1.03575 0.96666664
1.035477 0.96666664
1.0352039 0.96666664
1.0349313 0.96666664
1.0346584 0.96666664
1.0343858 0.96666664
1.0341132 0.96666664
1.0338409 0.96666664
1.0335685 0.96666664
1.0332962 0.96666664
1.033024 0.96666664
1.0327519 0.96666664
1.0324799 0.96666664
1.0322078 0.96666664
1.0319362 0.96666664
1.0316644 0.96666664
1.0313927 0.96666664
1.031121 0.96666664
1.0308497 0.96666664
1.0305783 0.96666664
1.0303068 0.96666664
1.0300355 0.96666664
1.0297643 0.96666664
1.0294933 0.96666664
1.0292222 0.96666664
1.0289513 0.96666664
1.0286804 0.96666664
1.0284096 0.96666664
1.0281389 0.96666664
1.0278682 0.96666664
1.0275977 0.96666664
1.0273268 0.96666664
1.0270566 0.96666664
1.0267861 0.96666664
1.026516 0.96666664
1.0262456 0.96666664
1.0259753 0.96666664
1.0257053 0.96666664
1.0254352 0.96666664
1.0251652 0.96666664
1.0248954 0.96666664
1.0246255 0.96666664
1.0243558 0.96666664
1.024086 0.96666664
1.0238163 0.96666664
1.0235467 0.96666664
1.0232772 0.96666664
1.0230078 0.96666664
1.0227382 0.96666664
1.0224687 0.96666664
1.0221995 0.96666664
1.0219303 0.96666664
1.0216612 0.96666664
1.0213919 0.96666664
1.0211228 0.96666664
1.0208539 0.96666664
1.0205848 0.96666664
1.0203159 0.96666664
1.0200472 0.96666664
1.0197781 0.96666664
1.0195093 0.96666664
1.0192405 0.96666664
1.0189719 0.96666664
1.0187033 0.96666664
1.0184346 0.96666664
1.0181664 0.96666664
1.0178976 0.96666664
1.0176293 0.96666664
1.0173609 0.96666664
1.0170925 0.96666664
1.0168242 0.96666664
1.0165558 0.96666664
1.0162876 0.96666664
1.0160196 0.96666664
1.0157511 0.96666664
1.0154833 0.96666664
1.0152149 0.96666664
1.0149469 0.96666664
1.0146791 0.96666664
1.0144112 0.96666664
1.0141433 0.96666664
1.0138752 0.96666664
1.0136075 0.96666664
1.0133396 0.96666664
1.0130719 0.96666664
1.012804 0.96666664
1.0125365 0.96666664
1.0122687 0.96666664
1.0120012 0.96666664
1.0117335 0.96666664
1.0114659 0.96666664
1.0111984 0.96666664
1.0109308 0.96666664
1.0106634 0.96666664
1.010396 0.96666664
1.0101285 0.96666664
1.0098614 0.96666664
1.0095938 0.96666664
1.0093263 0.96666664
1.0090593 0.96666664
1.0087918 0.96666664
1.0085247 0.96666664
1.0082573 0.96666664
1.0079904 0.96666664
1.0077231 0.96666664
1.0074558 0.96666664
1.0071886 0.96666664
1.0069215 0.96666664
1.0066545 0.96666664
1.0063874 0.96666664
1.0061203 0.96666664
1.0058533 0.96666664
1.0055861 0.96666664
1.0053192 0.96666664
1.0050526 0.96666664
1.0047854 0.96666664
1.0045185 0.96666664
1.0042517 0.96666664
1.0039847 0.96666664
1.0037178 0.96666664
1.0034509 0.96666664
1.003184 0.96666664
1.0029173 0.96666664
1.0026504 0.96666664
1.0023836 0.96666664
1.0021168 0.96666664
1.0018501 0.96666664
1.0015832 0.96666664
1.0013165 0.96666664
1.0010499 0.96666664
1.0007832 0.96666664
1.0005163 0.96666664
1.0002496 0.96666664
0.9999831 0.96666664
0.99971646 0.96666664
0.9994496 0.96666664
0.99918306 0.96666664
0.9989165 0.96666664
0.99864966 0.96666664
0.99838334 0.96666664
0.9981165 0.96666664
0.99784976 0.96666664
0.9975832 0.96666664
0.9973166 0.96666664
0.99705017 0.96666664
0.9967836 0.96666664
0.9965168 0.96666664
0.99625045 0.96666664
0.9959839 0.96666664
0.9957173 0.96666664
0.9954507 0.96666664
0.99518394 0.96666664
0.99491745 0.96666664
0.99465084 0.96666664
0.9943842 0.96666664
0.9941178 0.96666664
0.9938514 0.96666664
0.99358463 0.96666664
0.9933182 0.96666664
0.9930515 0.96666664
0.9927851 0.96666664
0.9925185 0.96666664
0.99225193 0.96666664
0.99198526 0.96666664
0.9917189 0.96666664
0.9914522 0.96666664
0.99118567 0.96666664
0.99091923 0.96666664
0.99065256 0.96666664
0.9903861 0.96666664
0.9901196 0.96666664
0.98985285 0.96666664
0.98958635 0.96666664
0.9893198 0.96666664
0.989053 0.96666664
0.98878664 0.96666664
0.98851997 0.96666664
0.98825324 0.96666664
0.9879867 0.96666664
0.9877201 0.96666664
0.9874534 0.96666664
0.9871869 0.96666664
0.9869201 0.96666664
0.98665345 0.96666664
0.98638695 0.96666664
0.9861203 0.96666664
0.9858536 0.96666664
0.985587 0.96666664
0.98532015 0.96666664
0.98505354 0.96666664
0.9847868 0.96666664
0.98451996 0.96666664
0.9842533 0.96666664
0.98398656 0.96666664
0.98371977 0.96666664
0.98345304 0.96666664
0.98318624 0.96666664
0.98291934 0.96666664
0.98265266 0.96666664
0.982386 0.96666664
0.9821191 0.96666664
0.98185205 0.96666664
0.9815853 0.96666664
0.98131835 0.96666664
0.98105156 0.96666664
0.98078465 0.96666664
0.9805178 0.96666664
0.98025095 0.96666664
0.9799837 0.96666664
0.9797169 0.96666664
0.9794495 0.96666664
0.97918284 0.96666664
0.9789157 0.96666664
0.97864854 0.96666664
0.9783816 0.96666664
0.97811455 0.96666664
0.9778476 0.96666664
0.9775804 0.96666664
0.9773132 0.96666664
0.9770461 0.96666664
0.9767791 0.96666664
0.97651184 0.96666664
0.9762445 0.96666664
0.97597736 0.96666664
0.97570986 0.96666664
0.9754428 0.96666664
0.97517526 0.96666664
0.9749081 0.96666664
0.9746408 0.96666664
0.9743736 0.96666664
0.9741062 0.96666664
0.9738386 0.96666664
0.9735711 0.96666664
0.9733037 0.96666664
0.9730364 0.96666664
0.97276884 0.96666664
0.97250134 0.96666664
0.9722339 0.96666664
0.971966 0.96666664
0.9716985 0.96666664
0.9714311 0.96666664
0.9711634 0.96666664
0.9708957 0.96666664
0.9706282 0.96666664
0.9703603 0.96666664
0.97009265 0.96666664
0.96982497 0.96666664
0.96955705 0.96666664
0.9692892 0.96666664
0.96902144 0.96666664
0.96875364 0.96666664
0.96848565 0.96666664
0.9682178 0.96666664
0.96794957 0.96666664
0.96768165 0.96666664
0.96741366 0.96666664
0.9671456 0.96666664
0.96687764 0.96666664
0.9666096 0.96666664
0.96634126 0.96666664
0.9660731 0.96666664
0.9658052 0.96666664
0.9655367 0.96666664
0.9652687 0.96666664
0.9650003 0.96666664
0.96473193 0.96666664
0.9644636 0.96666664
0.96419525 0.96666664
0.9639266 0.96666664
0.96365833 0.96666664
0.96338975 0.96666664
0.9631214 0.96666664
0.9628529 0.96666664
0.9625841 0.96666664
0.9623156 0.96666664
0.96204716 0.96666664
0.9617784 0.96666664
0.9615098 0.96666664
0.96124095 0.96666664
0.9609721 0.96666664
0.96070313 0.96666664
0.9604343 0.96666664
0.96016544 0.96666664
0.9598968 0.96666664
0.9596276 0.96666664
0.9593586 0.96666664
0.95908976 0.96666664
0.95882046 0.96666664
0.9585514 0.96666664
0.9582823 0.96666664
0.9580132 0.96666664
0.95774406 0.96666664
0.95747477 0.96666664
0.95720524 0.96666664
0.95693624 0.96666664
0.9566668 0.96666664
0.9563975 0.96666664
0.95612794 0.96666664
0.9558584 0.96666664
0.95558906 0.96666664
0.9553194 0.96666664
0.9550498 0.96666664
0.9547801 0.96666664
0.9545106 0.96666664
0.9542407 0.96666664
0.9539711 0.96666664
0.95370126 0.96666664
0.95343137 0.96666664
0.95316166 0.96666664
0.9528916 0.96666664
0.95262146 0.96666664
0.9523517 0.96666664
0.95208156 0.96666664
0.95181155 0.96666664
0.9515415 0.96666664
0.9512713 0.96666664
0.9510009 0.96666664
0.9507309 0.96666664
0.95046055 0.96666664
0.95019007 0.96666664
0.94991964 0.96666664
0.94964933 0.96666664
0.9493788 0.96666664
0.94910824 0.96666664
0.94883776 0.96666664
0.94856715 0.96666664
0.9482964 0.96666664
0.94802576 0.96666664
0.94775504 0.96666664
0.9474843 0.96666664
0.9472134 0.96666664
0.9469423 0.96666664
0.9466716 0.96666664
0.94640076 0.96666664
0.9461298 0.96666664
0.9458586 0.96666664
0.94558746 0.96666664
0.94531643 0.96666664
0.9450451 0.96666664
0.9447739 0.96666664
0.9445026 0.96666664
0.94423133 0.96666664
0.9439599 0.96666664
0.9436884 0.96666664
0.943417 0.96666664
0.9431454 0.96666664
0.9428739 0.96666664
0.9426021 0.96666664
0.9423304 0.96666664
0.94205874 0.96666664
0.94178677 0.96666664
0.9415151 0.96666664
0.9412433 0.96666664
0.94097126 0.96666664
0.94069916 0.96666664
0.94042706 0.96666664
0.9401551 0.96666664
0.9398829 0.96666664
0.93961084 0.96666664
0.9393385 0.96666664
0.9390662 0.96666664
0.93879384 0.96666664
0.9385214 0.96666664
0.9382491 0.96666664
0.9379766 0.96666664
0.93770397 0.96666664
0.93743134 0.96666664
0.9371589 0.96666664
0.9368861 0.96666664
0.9366133 0.96666664
0.93634063 0.96666664
0.9360674 0.96666664
0.93579465 0.96666664
0.9355218 0.96666664
0.9352484 0.96666664
0.9349754 0.96666664
0.9347023 0.96666664
0.93442905 0.96666664
0.93415576 0.96666664
0.9338824 0.96666664
0.93360907 0.96666664
0.93333584 0.96666664
0.9330622 0.96666664
0.9327887 0.96666664
0.93251514 0.96666664
0.9322414 0.96666664
0.9319676 0.96666664
0.931694 0.96666664
0.93142015 0.96666664
0.93114626 0.96666664
0.9308722 0.96666664
0.93059826 0.96666664
0.9303241 0.96666664
0.93004984 0.96666664
0.9297757 0.96666664
0.92950165 0.96666664
0.9292271 0.96666664
0.9289529 0.96666664
0.9286785 0.96666664
0.9284038 0.96666664
0.9281293 0.96666664
0.9278548 0.96666664
0.9275801 0.96666664
0.92730546 0.96666664
0.92703056 0.96666664
0.92675585 0.96666664
0.92648077 0.96666664
0.9262058 0.96666664
0.9259311 0.96666664
0.92565566 0.96666664
0.92538077 0.96666664
0.9251054 0.96666664
0.9248301 0.96666664
0.9245548 0.96666664
0.9242795 0.96666664
0.924004 0.96666664
0.92372835 0.96666664
0.9234531 0.96666664
0.923177 0.96666664
0.9229015 0.96666664
0.9226257 0.96666664
0.9223498 0.96666664
0.9220739 0.96666664
0.921798 0.96666664
0.9215219 0.96666664
0.9212458 0.96666664
0.9209698 0.96666664
0.9206933 0.96666664
0.9204171 0.96666664
0.92014086 0.96666664
0.91986424 0.96666664
0.91958773 0.96666664
0.9193112 0.96666664
0.9190344 0.96666664
0.9187578 0.96666664
0.9184812 0.96666664
0.91820425 0.96666664
0.9179275 0.96666664
0.9176506 0.96666664
0.91737336 0.96666664
0.91709614 0.96666664
0.916819 0.96666664
0.9165418 0.96666664
0.9162646 0.96666664
0.91598713 0.96666664
0.91570985 0.96666664
0.91543216 0.96666664
0.9151546 0.96666664
0.91487706 0.96666664
0.91459924 0.96666664
0.91432154 0.96666664
0.9140438 0.96666664
0.91376585 0.96666664
0.91348773 0.96666664
0.9132097 0.96666664
0.91293144 0.96666664
0.91265327 0.96666664
0.912375 0.96666664
0.9120966 0.96666664
0.9118183 0.96666664
0.9115398 0.96666664
0.9112613 0.96666664
0.9109826 0.96666664
0.910704 0.96666664
0.9104252 0.96666664
0.9101464 0.96666664
0.9098672 0.96666664
0.90958846 0.96666664
0.9093093 0.96666664
0.9090302 0.96666664
