17.42013 0.3
11.553314 0.53333336
11.701286 0.56666666
12.505572 0.46666667
10.768222 0.6333333
10.309208 0.53333336
7.9004493 0.6
8.30629 0.6666667
6.9296494 0.73333335
9.816099 0.6333333
6.882368 0.6333333
5.947752 0.76666665
6.739766 0.73333335
5.255371 0.73333335
7.656113 0.8
7.263424 0.76666665
8.230432 0.6666667
6.765094 0.76666665
11.04838 0.56666666
6.90716 0.76666665
5.7662063 0.76666665
5.1506014 0.8
6.7953086 0.6666667
7.8535542 0.6666667
8.608955 0.6333333
7.5706916 0.76666665
6.794522 0.73333335
6.0791073 0.7
5.6964464 0.7
5.6124487 0.7
5.968731 0.73333335
5.2785187 0.73333335
5.1593804 0.8
4.806602 0.8333333
3.820571 0.8666667
4.2701206 0.8
5.0090933 0.8666667
4.858957 0.76666665
6.590728 0.76666665
4.339748 0.8333333
2.282684 0.9
2.0490944 0.9
2.076013 0.9
2.0208423 0.9
2.0118747 0.9
2.0063624 0.9
2.0014396 0.9
1.9960676 0.9
1.9892699 0.9
1.9806703 0.9
1.9736254 0.9
1.969404 0.9
1.9504108 0.9
1.9408082 0.9
1.8808888 0.9
1.8394177 0.9
1.7377901 0.9
1.7776457 0.9
1.7971872 0.9
2.2077374 0.8666667
1.8891525 0.9
1.7453301 0.9
1.8757012 0.9
1.6261975 0.9
1.6482676 0.9
1.6424795 0.93333334
1.7784762 0.9
1.625124 0.93333334
1.7317321 0.9
1.8886393 0.93333334
1.9478655 0.9
1.8078078 0.93333334
1.294708 0.93333334
1.4085066 0.93333334
1.2092818 0.93333334
1.3386971 0.93333334
3.8957672 0.76666665
2.5645382 0.9
3.3772771 0.8666667
3.199662 0.8666667
4.955736 0.76666665
4.6953473 0.8333333
6.991889 0.73333335
5.84795 0.73333335
5.865514 0.73333335
7.207813 0.73333335
5.0732565 0.73333335
6.0064464 0.7
6.2561464 0.73333335
5.1383867 0.76666665
5.4860864 0.76666665
8.951838 0.6666667
9.66897 0.7
5.5970364 0.8
5.144347 0.8333333
4.9843974 0.8666667
4.5128126 0.8666667
4.6623707 0.76666665
4.4626627 0.8
4.457443 0.8
4.4154644 0.76666665
4.385768 0.76666665
4.727642 0.76666665
4.4580526 0.76666665
4.354902 0.8333333
4.7514734 0.76666665
4.624055 0.76666665
4.4596815 0.8
4.4630995 0.8
4.4096775 0.8333333
4.4664083 0.76666665
4.390691 0.76666665
4.749238 0.76666665
4.3898697 0.76666665
4.596528 0.76666665
4.4542155 0.76666665
4.414983 0.8333333
4.41845 0.8333333
4.5955706 0.76666665
4.471874 0.8
4.4381166 0.8
4.360738 0.8333333
4.745339 0.76666665
4.384139 0.76666665
4.601532 0.76666665
4.4519024 0.8
4.42541 0.8
4.3460865 0.76666665
4.718952 0.76666665
4.7113614 0.76666665
4.442134 0.8
4.3979826 0.76666665
4.4422207 0.76666665
4.425781 0.76666665
4.4649262 0.76666665
4.280943 0.8333333
4.5882664 0.76666665
4.028953 0.8
3.9685678 0.8333333
3.849813 0.8333333
4.1910944 0.8333333
3.889153 0.8333333
4.100292 0.8
3.752482 0.8333333
4.4823885 0.76666665
3.8748937 0.8666667
3.6576738 0.8333333
4.183714 0.8
4.6939116 0.8
4.275853 0.8666667
4.5686135 0.8333333
3.8147893 0.8333333
3.942625 0.8666667
3.6469908 0.8666667
3.5177627 0.8666667
3.5024593 0.8666667
3.4983509 0.8666667
3.4939294 0.8666667
3.4887137 0.8666667
3.4815774 0.8666667
3.4702358 0.8666667
3.4504607 0.8666667
3.4765706 0.8666667
3.4433372 0.8666667
3.509774 0.8666667
3.5139363 0.8666667
3.3931491 0.8666667
3.648655 0.8333333
3.542741 0.8666667
3.5376897 0.8666667
3.5123045 0.8666667
3.4989257 0.8666667
3.4924726 0.8666667
3.4829543 0.8666667
3.4700847 0.8666667
3.454146 0.8666667
3.428713 0.8666667
3.3540778 0.8666667
3.319488 0.8333333
4.057784 0.8
6.7445765 0.73333335
5.0144873 0.76666665
4.333711 0.8333333
4.2297897 0.8333333
4.373577 0.8333333
4.410925 0.8333333
4.412811 0.8333333
4.1790915 0.8333333
4.4462805 0.8333333
4.36279 0.8333333
4.3769712 0.8333333
4.3657618 0.8333333
4.3876286 0.8333333
4.262862 0.8333333
4.0730953 0.8333333
4.1378765 0.8333333
3.869725 0.8333333
3.8684673 0.8333333
3.5145442 0.8333333
3.5014114 0.8333333
3.4960198 0.8333333
3.49011 0.8333333
3.481226 0.8333333
3.4637237 0.8333333
3.4221725 0.8333333
3.3422127 0.8333333
3.318897 0.8333333
3.2484508 0.8333333
3.5167723 0.8333333
5.5137887 0.8
5.4208317 0.8
4.8296714 0.8333333
3.4901264 0.8666667
5.090328 0.8
4.4039655 0.8333333
4.9871573 0.8
4.573435 0.8333333
4.1924567 0.8333333
4.4457436 0.8333333
4.250623 0.8333333
4.131834 0.8333333
4.279227 0.8333333
4.3636813 0.8333333
4.25799 0.8333333
3.5747776 0.8666667
3.4948483 0.8666667
3.4856381 0.8666667
3.471889 0.8666667
3.4457135 0.8666667
3.4237819 0.8666667
3.3186865 0.8666667
4.602349 0.8333333
4.610296 0.8333333
4.559164 0.8333333
4.2676754 0.8333333
5.254504 0.8
6.221384 0.8
3.0287633 0.8666667
3.0060968 0.8666667
3.0042515 0.8666667
3.003006 0.8666667
3.001923 0.8666667
3.0008006 0.8666667
2.9994535 0.8666667
2.9976087 0.8666667
2.9947202 0.8666667
2.9894786 0.8666667
2.9780433 0.8666667
2.9472437 0.8666667
2.8874443 0.8666667
4.0999413 0.76666665
3.5430603 0.8333333
3.72653 0.8333333
3.135622 0.8333333
3.0815845 0.8333333
3.0037122 0.8333333
3.0002384 0.8333333
2.996134 0.8333333
2.9901326 0.8333333
2.979257 0.8333333
2.9550083 0.8333333
2.9086099 0.8333333
2.8559442 0.8333333
2.8110175 0.8333333
2.8021224 0.8333333
2.8054657 0.8333333
2.7864418 0.8666667
2.7870274 0.8666667
2.802123 0.8666667
2.769762 0.8666667
3.144398 0.8666667
2.8260393 0.8666667
2.9436905 0.8666667
3.9495134 0.8333333
2.598043 0.8666667
2.2967095 0.8666667
2.2888036 0.8666667
2.2621098 0.8666667
2.264131 0.8666667
2.2566876 0.8666667
2.31481 0.8666667
2.2252693 0.8666667
2.1852772 0.8666667
2.1518452 0.8666667
2.136305 0.8666667
2.2320707 0.8666667
2.156443 0.8666667
2.1220155 0.8666667
2.1134057 0.8666667
2.3469956 0.8666667
2.1828756 0.8666667
2.810525 0.8666667
2.1427808 0.8666667
2.1103091 0.8666667
2.499697 0.8666667
2.1968913 0.8666667
2.2570477 0.8666667
2.1539097 0.8666667
2.108303 0.8666667
2.5237274 0.8666667
2.1458297 0.8666667
2.2056618 0.8666667
2.1486933 0.8666667
2.224831 0.8666667
2.160891 0.8666667
2.1479497 0.8666667
2.6025252 0.8666667
2.0960584 0.8666667
2.0706263 0.8666667
2.1111743 0.8666667
2.125429 0.8666667
2.445379 0.8666667
2.0934224 0.8666667
2.106851 0.8666667
2.1071453 0.8666667
2.0772295 0.8666667
2.140357 0.8666667
2.3383014 0.8666667
2.0474532 0.8666667
2.0374618 0.8666667
2.0373473 0.8666667
2.0461698 0.8666667
2.076536 0.8666667
2.1191404 0.8666667
2.377131 0.8666667
2.0983257 0.8666667
2.248318 0.8666667
2.159621 0.8666667
2.3001344 0.8666667
2.1880136 0.8666667
4.012964 0.8333333
5.326876 0.73333335
5.440975 0.8
4.0195894 0.76666665
3.9445403 0.76666665
5.5084305 0.76666665
5.9875517 0.7
5.949609 0.73333335
4.6643925 0.8
4.0169497 0.8
3.668881 0.8
3.6277869 0.8
3.5550609 0.8
3.4678342 0.8
3.4573455 0.8
3.5712805 0.8
3.472947 0.8
3.4427738 0.8
3.6000118 0.8
3.481914 0.8
3.4545436 0.8
3.4825034 0.8
3.4766452 0.8
3.4900362 0.8
2.9463992 0.8333333
3.1159983 0.8333333
2.9890509 0.8666667
2.9695063 0.8666667
2.9241772 0.8333333
3.1396387 0.8333333
2.987488 0.8666667
2.9617786 0.8666667
2.8071697 0.8666667
3.2251232 0.8333333
2.6699386 0.8333333
2.5932841 0.8333333
2.9376237 0.8333333
2.5191772 0.8333333
2.5124311 0.8666667
2.5026073 0.8666667
2.4798496 0.8666667
2.343173 0.9
1.5196991 0.9
1.5186491 0.9
1.5174432 0.9
1.5165737 0.9
1.5155613 0.9
1.5148717 0.9
1.5141692 0.9
1.513639 0.9
1.5131285 0.9
1.5126868 0.9
1.5122738 0.9
1.5118966 0.9
1.5115463 0.9
1.5112214 0.9
1.5109181 0.9
1.510635 0.9
1.5103693 0.9
1.5101198 0.9
1.5098846 0.9
1.5096624 0.9
1.5094523 0.9
1.509253 0.9
1.5090637 0.9
1.5088837 0.9
1.5087123 0.9
1.5085485 0.9
1.5083919 0.9
1.508242 0.9
1.5080985 0.9
1.5079608 0.9
1.5078287 0.9
1.5077014 0.9
1.507579 0.9
1.5074611 0.9
1.5073473 0.9
1.5072377 0.9
1.5071317 0.9
1.5070293 0.9
1.5069302 0.9
1.5068343 0.9
1.5067415 0.9
1.5066514 0.9
1.5065641 0.9
1.5064794 0.9
1.5063971 0.9
1.5063174 0.9
1.5062397 0.9
1.5061641 0.9
1.5060906 0.9
1.506019 0.9
1.5059494 0.9
1.5058815 0.9
1.5058154 0.9
1.5057511 0.9
1.5056884 0.9
1.5056269 0.9
1.5055671 0.9
1.5055084 0.9
1.5054514 0.9
1.5053957 0.9
1.5053413 0.9
1.5052879 0.9
1.5052358 0.9
1.5051849 0.9
1.505135 0.9
1.5050862 0.9
1.5050384 0.9
1.5049915 0.9
1.5049458 0.9
1.5049009 0.9
1.5048568 0.9
1.5048139 0.9
1.5047715 0.9
1.50473 0.9
1.5046896 0.9
1.5046494 0.9
1.5046105 0.9
1.504572 0.9
1.5045342 0.9
1.5044973 0.9
1.504461 0.9
1.5044253 0.9
1.5043902 0.9
1.5043557 0.9
1.5043218 0.9
1.5042887 0.9
1.504256 0.9
1.5042238 0.9
1.5041921 0.9
1.504161 0.9
1.5041306 0.9
1.5041003 0.9
1.504071 0.9
1.5040417 0.9
1.5040131 0.9
1.5039847 0.9
1.503957 0.9
1.5039296 0.9
1.5039027 0.9
1.5038762 0.9
1.50385 0.9
1.5038244 0.9
1.503799 0.9
1.5037739 0.9
1.5037494 0.9
1.503725 0.9
1.5037012 0.9
1.5036776 0.9
1.5036541 0.9
1.5036314 0.9
1.5036087 0.9
1.5035864 0.9
1.5035646 0.9
1.5035428 0.9
1.5035214 0.9
1.5035003 0.9
1.5034795 0.9
1.503459 0.9
1.5034386 0.9
1.5034187 0.9
1.5033988 0.9
1.5033793 0.9
1.5033602 0.9
1.503341 0.9
1.5033224 0.9
1.5033038 0.9
1.5032854 0.9
1.5032673 0.9
1.5032494 0.9
1.5032318 0.9
1.5032145 0.9
1.5031971 0.9
1.50318 0.9
1.5031633 0.9
1.5031468 0.9
1.5031302 0.9
1.503114 0.9
1.503098 0.9
1.503082 0.9
1.5030664 0.9
1.5030509 0.9
1.5030355 0.9
1.5030204 0.9
1.5030054 0.9
1.5029905 0.9
1.5029757 0.9
1.5029614 0.9
1.502947 0.9
1.5029328 0.9
1.502919 0.9
1.5029049 0.9
1.5028911 0.9
1.5028776 0.9
1.5028641 0.9
1.5028508 0.9
1.5028375 0.9
1.5028245 0.9
1.5028117 0.9
1.502799 0.9
1.5027863 0.9
1.5027738 0.9
1.5027611 0.9
1.5027491 0.9
1.5027369 0.9
1.5027249 0.9
1.502713 0.9
1.5027013 0.9
1.5026894 0.9
1.5026779 0.9
1.5026665 0.9
1.5026553 0.9
1.5026441 0.9
1.5026327 0.9
1.5026218 0.9
1.5026107 0.9
1.5026 0.9
1.5025892 0.9
1.5025787 0.9
1.5025681 0.9
1.5025578 0.9
1.5025474 0.9
1.5025373 0.9
1.5025271 0.9
1.502517 0.9
1.502507 0.9
1.5024972 0.9
1.5024874 0.9
1.5024776 0.9
1.5024681 0.9
1.5024586 0.9
1.502449 0.9
1.5024395 0.9
1.5024303 0.9
1.5024211 0.9
1.5024121 0.9
1.502403 0.9
1.5023941 0.9
1.5023851 0.9
1.5023762 0.9
1.5023676 0.9
1.5023588 0.9
1.5023503 0.9
1.5023417 0.9
1.5023332 0.9
1.5023249 0.9
1.5023167 0.9
1.5023082 0.9
1.5023 0.9
1.5022919 0.9
1.5022838 0.9
1.502276 0.9
1.5022678 0.9
1.5022602 0.9
1.5022522 0.9
1.5022445 0.9
1.5022368 0.9
1.5022292 0.9
1.5022216 0.9
1.502214 0.9
1.5022066 0.9
1.502199 0.9
1.5021919 0.9
1.5021845 0.9
1.5021774 0.9
1.5021702 0.9
1.502163 0.9
1.5021559 0.9
1.502149 0.9
1.5021418 0.9
1.502135 0.9
1.5021281 0.9
1.5021212 0.9
1.5021145 0.9
1.5021077 0.9
1.502101 0.9
1.5020945 0.9
1.502088 0.9
1.5020814 0.9
1.5020748 0.9
1.5020685 0.9
1.5020622 0.9
1.5020556 0.9
1.5020493 0.9
1.502043 0.9
1.5020369 0.9
1.5020307 0.9
1.5020247 0.9
1.5020186 0.9
1.5020125 0.9
1.5020065 0.9
1.5020005 0.9
1.5019946 0.9
1.5019888 0.9
1.5019829 0.9
1.501977 0.9
1.5019711 0.9
1.5019655 0.9
1.5019596 0.9
1.5019541 0.9
1.5019484 0.9
1.5019429 0.9
1.5019372 0.9
1.5019319 0.9
1.5019262 0.9
1.5019209 0.9
1.5019156 0.9
1.5019101 0.9
1.5019047 0.9
1.5018995 0.9
1.5018942 0.9
1.501889 0.9
1.5018837 0.9
1.5018785 0.9
1.5018735 0.9
1.5018682 0.9
1.5018632 0.9
1.5018582 0.9
1.5018532 0.9
1.5018482 0.9
1.5018433 0.9
1.5018382 0.9
1.5018334 0.9
1.5018287 0.9
1.5018238 0.9
1.5018189 0.9
1.5018141 0.9
1.5018092 0.9
1.5018046 0.9
1.5018 0.9
1.5017953 0.9
1.5017905 0.9
1.5017861 0.9
1.5017812 0.9
1.5017768 0.9
1.5017724 0.9
1.5017679 0.9
1.5017633 0.9
1.5017589 0.9
1.5017544 0.9
1.50175 0.9
1.5017457 0.9
1.5017413 0.9
1.501737 0.9
1.5017326 0.9
1.5017284 0.9
1.5017242 0.9
1.50172 0.9
1.5017157 0.9
1.5017116 0.9
1.5017073 0.9
1.5017031 0.9
1.501699 0.9
1.5016949 0.9
1.5016907 0.9
1.5016868 0.9
1.5016828 0.9
1.5016787 0.9
1.5016749 0.9
1.5016708 0.9
1.501667 0.9
1.501663 0.9
1.5016592 0.9
1.5016552 0.9
1.5016513 0.9
1.5016475 0.9
1.5016437 0.9
1.5016398 0.9
1.501636 0.9
1.5016323 0.9
1.5016286 0.9
1.5016248 0.9
1.5016212 0.9
1.5016174 0.9
1.5016136 0.9
1.50161 0.9
1.5016065 0.9
1.5016029 0.9
1.5015992 0.9
1.5015957 0.9
1.5015922 0.9
1.5015886 0.9
1.501585 0.9
1.5015815 0.9
1.5015781 0.9
1.5015746 0.9
1.5015712 0.9
1.5015677 0.9
1.5015643 0.9
1.5015609 0.9
1.5015576 0.9
1.501554 0.9
1.5015508 0.9
1.5015476 0.9
1.5015441 0.9
1.5015409 0.9
1.5015374 0.9
1.5015342 0.9
1.5015309 0.9
1.5015277 0.9
1.5015244 0.9
1.5015213 0.9
1.5015182 0.9
1.5015152 0.9
1.5015118 0.9
1.5015086 0.9
1.5015056 0.9
1.5015024 0.9
1.5014993 0.9
1.5014963 0.9
1.5014932 0.9
1.50149 0.9
1.501487 0.9
1.5014839 0.9
1.501481 0.9
1.5014778 0.9
1.501475 0.9
1.501472 0.9
1.5014689 0.9
1.501466 0.9
1.5014629 0.9
1.5014602 0.9
1.5014572 0.9
1.5014544 0.9
1.5014515 0.9
1.5014486 0.9
1.5014458 0.9
1.5014429 0.9
1.5014403 0.9
1.5014372 0.9
1.5014344 0.9
1.5014316 0.9
1.5014287 0.9
1.5014261 0.9
1.5014234 0.9
1.5014205 0.9
1.5014179 0.9
1.501415 0.9
1.5014123 0.9
1.5014098 0.9
1.5014069 0.9
1.5014043 0.9
1.5014015 0.9
1.5013989 0.9
1.5013963 0.9
1.5013936 0.9
1.501391 0.9
1.5013884 0.9
1.5013858 0.9
1.5013832 0.9
1.5013806 0.9
1.501378 0.9
1.5013754 0.9
1.501373 0.9
1.5013704 0.9
1.5013679 0.9
1.5013654 0.9
1.5013628 0.9
1.5013602 0.9
1.5013578 0.9
1.5013553 0.9
1.5013528 0.9
1.5013504 0.9
1.501348 0.9
1.5013456 0.9
1.5013431 0.9
1.5013406 0.9
1.5013382 0.9
1.5013359 0.9
1.5013335 0.9
1.5013313 0.9
1.5013287 0.9
1.5013263 0.9
1.501324 0.9
1.5013218 0.9
1.5013193 0.9
1.501317 0.9
1.5013146 0.9
1.5013125 0.9
1.5013102 0.9
1.501308 0.9
1.5013056 0.9
1.5013032 0.9
1.501301 0.9
1.5012987 0.9
1.5012964 0.9
1.5012941 0.9
1.501292 0.9
1.5012897 0.9
1.5012875 0.9
1.5012853 0.9
1.5012832 0.9
1.501281 0.9
1.5012789 0.9
1.5012767 0.9
1.5012745 0.9
1.5012722 0.9
1.5012703 0.9
1.501268 0.9
1.5012658 0.9
1.5012637 0.9
1.5012617 0.9
1.5012594 0.9
1.5012574 0.9
1.5012553 0.9
1.5012534 0.9
1.5012512 0.9
1.5012491 0.9
1.5012469 0.9
1.501245 0.9
1.5012429 0.9
1.5012408 0.9
1.5012388 0.9
1.5012369 0.9
1.5012348 0.9
1.5012329 0.9
1.5012307 0.9
1.5012288 0.9
1.5012269 0.9
1.5012248 0.9
1.5012228 0.9
1.5012207 0.9
1.5012188 0.9
1.501217 0.9
1.501215 0.9
1.501213 0.9
1.5012113 0.9
1.5012093 0.9
1.5012074 0.9
1.5012054 0.9
1.5012035 0.9
1.5012016 0.9
1.5011998 0.9
1.5011978 0.9
1.5011959 0.9
1.501194 0.9
1.5011923 0.9
1.5011904 0.9
1.5011884 0.9
1.5011867 0.9
1.5011847 0.9
1.501183 0.9
1.5011811 0.9
1.5011792 0.9
1.5011775 0.9
1.5011756 0.9
1.501174 0.9
1.5011721 0.9
1.5011704 0.9
1.5011685 0.9
1.5011667 0.9
1.5011649 0.9
1.5011632 0.9
1.5011613 0.9
1.5011595 0.9
1.5011579 0.9
1.5011561 0.9
1.5011542 0.9
1.5011528 0.9
1.5011508 0.9
1.5011492 0.9
1.5011475 0.9
1.5011458 0.9
1.5011442 0.9
1.5011425 0.9
1.5011406 0.9
1.5011389 0.9
1.5011373 0.9
1.5011357 0.9
1.5011339 0.9
1.5011322 0.9
1.5011307 0.9
1.501129 0.9
1.5011274 0.9
1.5011256 0.9
1.5011239 0.9
1.5011225 0.9
1.5011208 0.9
1.5011191 0.9
1.5011175 0.9
1.5011158 0.9
1.5011144 0.9
1.5011127 0.9
1.501111 0.9
1.5011094 0.9
1.5011079 0.9
1.5011063 0.9
1.5011048 0.9
1.5011032 0.9
1.5011015 0.9
1.5011001 0.9
1.5010984 0.9
1.501097 0.9
1.5010953 0.9
1.5010939 0.9
1.5010923 0.9
1.5010908 0.9
1.5010892 0.9
1.5010877 0.9
1.5010862 0.9
1.5010846 0.9
1.5010831 0.9
1.5010815 0.9
1.50108 0.9
1.5010786 0.9
1.501077 0.9
1.5010755 0.9
1.5010741 0.9
1.5010724 0.9
1.501071 0.9
1.5010695 0.9
1.5010681 0.9
1.5010667 0.9
1.5010653 0.9
1.5010638 0.9
1.5010622 0.9
1.501061 0.9
1.5010594 0.9
1.501058 0.9
1.5010566 0.9
1.501055 0.9
1.5010536 0.9
1.5010524 0.9
1.501051 0.9
1.5010494 0.9
1.5010481 0.9
1.5010467 0.9
1.5010452 0.9
1.5010438 0.9
1.5010425 0.9
1.501041 0.9
1.5010396 0.9
1.5010383 0.9
1.5010369 0.9
1.5010356 0.9
1.5010343 0.9
1.5010328 0.9
1.5010315 0.9
1.5010301 0.9
1.5010287 0.9
1.5010273 0.9
1.5010259 0.9
1.5010246 0.9
1.5010233 0.9
1.5010221 0.9
1.5010207 0.9
1.5010194 0.9
1.5010179 0.9
1.5010166 0.9
1.5010152 0.9
1.5010141 0.9
1.5010127 0.9
1.5010114 0.9
1.50101 0.9
1.5010089 0.9
1.5010076 0.9
1.5010061 0.9
1.5010049 0.9
1.5010036 0.9
1.5010026 0.9
1.5010011 0.9
1.5009998 0.9
1.5009985 0.9
1.5009972 0.9
1.5009961 0.9
1.5009947 0.9
1.5009935 0.9
1.5009923 0.9
1.5009909 0.9
1.5009898 0.9
1.5009885 0.9
1.5009873 0.9
1.500986 0.9
1.5009849 0.9
1.5009835 0.9
1.5009823 0.9
1.5009811 0.9
1.5009799 0.9
1.5009786 0.9
1.5009775 0.9
1.5009763 0.9
1.5009749 0.9
1.5009737 0.9
1.5009726 0.9
1.5009716 0.9
1.5009704 0.9
1.5009689 0.9
1.5009677 0.9
1.5009667 0.9
1.5009655 0.9
1.5009644 0.9
1.5009632 0.9
1.5009619 0.9
1.5009608 0.9
1.5009595 0.9
1.5009583 0.9
1.5009573 0.9
1.500956 0.9
1.5009549 0.9
1.5009538 0.9
1.5009527 0.9
1.5009515 0.9
1.5009503 0.9
1.5009494 0.9
1.5009481 0.9
1.500947 0.9
1.5009458 0.9
1.5009446 0.9
1.5009435 0.9
1.5009425 0.9
1.5009413 0.9
1.5009401 0.9
1.5009392 0.9
1.500938 0.9
1.500937 0.9
1.5009358 0.9
1.5009346 0.9
1.5009335 0.9
1.5009325 0.9
1.5009313 0.9
1.5009303 0.9
1.5009292 0.9
1.500928 0.9
1.500927 0.9
1.5009258 0.9
1.5009248 0.9
1.5009238 0.9
1.5009227 0.9
1.5009216 0.9
1.5009207 0.9
1.5009196 0.9
1.5009185 0.9
1.5009174 0.9
1.5009164 0.9
1.5009153 0.9
1.5009142 0.9
1.5009131 0.9
1.5009122 0.9
1.5009112 0.9
1.50091 0.9
1.5009091 0.9
1.5009079 0.9
1.5009071 0.9
1.500906 0.9
1.5009049 0.9
1.5009038 0.9
1.5009029 0.9
1.5009017 0.9
1.5009007 0.9
1.5008998 0.9
1.5008988 0.9
1.5008978 0.9
1.5008967 0.9
1.5008957 0.9
1.5008945 0.9
1.5008937 0.9
1.5008926 0.9
1.5008917 0.9
1.5008906 0.9
1.5008898 0.9
1.5008886 0.9
1.5008876 0.9
1.5008866 0.9
1.5008857 0.9
1.5008848 0.9
1.5008837 0.9
1.5008829 0.9
1.5008817 0.9
1.5008808 0.9
1.5008798 0.9
1.5008788 0.9
1.500878 0.9
1.5008771 0.9
1.500876 0.9
1.5008751 0.9
1.5008743 0.9
1.5008732 0.9
1.5008723 0.9
1.5008714 0.9
1.5008703 0.9
1.5008694 0.9
1.5008686 0.9
1.5008675 0.9
1.5008667 0.9
1.5008657 0.9
1.5008647 0.9
1.5008638 0.9
1.5008628 0.9
1.5008619 0.9
1.5008609 0.9
1.50086 0.9
1.5008591 0.9
1.5008581 0.9
1.5008574 0.9
1.5008564 0.9
1.5008554 0.9
1.5008547 0.9
1.5008538 0.9
1.5008527 0.9
1.5008519 0.9
1.5008509 0.9
1.50085 0.9
1.5008492 0.9
1.5008483 0.9
1.5008472 0.9
1.5008464 0.9
1.5008454 0.9
1.5008447 0.9
1.5008438 0.9
1.5008429 0.9
1.5008421 0.9
1.5008411 0.9
1.5008403 0.9
1.5008392 0.9
1.5008385 0.9
1.5008378 0.9
1.5008368 0.9
1.500836 0.9
1.5008352 0.9
1.5008342 0.9
1.5008333 0.9
1.5008326 0.9
1.5008316 0.9
1.5008307 0.9
1.5008299 0.9
1.500829 0.9
1.500828 0.9
1.5008273 0.9
1.5008265 0.9
1.5008256 0.9
1.5008247 0.9
1.5008239 0.9
1.500823 0.9
1.5008222 0.9
1.5008214 0.9
1.5008206 0.9
1.5008196 0.9
1.5008188 0.9
1.5008181 0.9
1.5008173 0.9
1.5008163 0.9
1.5008156 0.9
1.5008148 0.9
1.5008138 0.9
1.500813 0.9
1.5008123 0.9
1.5008116 0.9
1.5008106 0.9
1.5008098 0.9
1.500809 0.9
1.5008082 0.9
1.5008075 0.9
1.5008066 0.9
1.5008057 0.9
1.5008049 0.9
1.5008042 0.9
1.5008034 0.9
1.5008025 0.9
1.5008017 0.9
1.5008011 0.9
1.5008001 0.9
1.5007994 0.9
1.5007987 0.9
1.5007976 0.9
1.500797 0.9
1.5007962 0.9
1.5007956 0.9
1.5007946 0.9
1.5007939 0.9
1.5007932 0.9
1.5007923 0.9
1.5007915 0.9
1.5007908 0.9
1.5007901 0.9
1.5007893 0.9
1.5007885 0.9
1.5007877 0.9
1.500787 0.9
1.5007863 0.9
1.5007856 0.9
1.5007846 0.9
1.5007839 0.9
1.5007832 0.9
1.5007825 0.9
1.5007817 0.9
1.5007808 0.9
1.5007801 0.9
1.5007794 0.9
1.5007787 0.9
1.500778 0.9
1.5007772 0.9
1.5007763 0.9
1.5007757 0.9
1.500775 0.9
1.5007743 0.9
1.5007734 0.9
1.5007727 0.9
1.500772 0.9
1.5007713 0.9
1.5007706 0.9
1.5007699 0.9
1.5007691 0.9
1.5007684 0.9
1.5007677 0.9
1.500767 0.9
1.5007663 0.9
1.5007653 0.9
1.5007647 0.9
1.500764 0.9
1.5007633 0.9
1.5007626 0.9
1.500762 0.9
1.5007613 0.9
1.5007604 0.9
1.5007598 0.9
1.5007591 0.9
1.5007584 0.9
1.5007577 0.9
1.500757 0.9
1.5007563 0.9
1.5007555 0.9
1.5007548 0.9
1.5007541 0.9
1.5007534 0.9
1.5007529 0.9
1.500752 0.9
1.5007515 0.9
1.5007508 0.9
1.5007501 0.9
1.5007493 0.9
1.5007488 0.9
1.5007479 0.9
1.5007473 0.9
1.5007465 0.9
1.5007459 0.9
1.5007452 0.9
1.5007445 0.9
1.5007439 0.9
1.5007433 0.9
1.5007424 0.9
1.5007418 0.9
1.5007411 0.9
1.5007404 0.9
1.5007398 0.9
1.5007391 0.9
1.5007384 0.9
1.5007378 0.9
1.500737 0.9
1.5007366 0.9
1.5007358 0.9
1.5007352 0.9
1.5007346 0.9
1.5007339 0.9
1.5007331 0.9
1.5007327 0.9
1.500732 0.9
1.5007312 0.9
1.5007305 0.9
1.5007298 0.9
1.5007293 0.9
1.5007286 0.9
1.5007279 0.9
1.5007274 0.9
1.5007267 0.9
1.500726 0.9
1.5007254 0.9
1.5007248 0.9
1.5007241 0.9
1.5007234 0.9
1.5007228 0.9
1.5007222 0.9
1.5007215 0.9
1.500721 0.9
1.5007203 0.9
1.5007195 0.9
1.500719 0.9
1.5007184 0.9
1.5007176 0.9
1.500717 0.9
1.5007164 0.9
1.500716 0.9
1.5007153 0.9
1.5007145 0.9
1.5007141 0.9
1.5007133 0.9
1.5007129 0.9
1.5007122 0.9
1.5007114 0.9
1.5007108 0.9
1.5007102 0.9
1.5007097 0.9
1.5007089 0.9
1.5007086 0.9
1.5007079 0.9
1.5007071 0.9
1.5007064 0.9
1.500706 0.9
1.5007054 0.9
1.5007048 0.9
1.5007042 0.9
1.5007035 0.9
1.500703 0.9
1.5007024 0.9
1.5007019 0.9
1.5007012 0.9
1.5007007 0.9
1.5007 0.9
1.5006993 0.9
1.5006987 0.9
1.5006981 0.9
1.5006976 0.9
1.5006971 0.9
1.5006964 0.9
1.500696 0.9
1.5006953 0.9
1.5006946 0.9
1.500694 0.9
1.5006933 0.9
1.5006928 0.9
1.5006922 0.9
1.5006917 0.9
1.500691 0.9
1.5006905 0.9
1.50069 0.9
1.5006893 0.9
1.5006888 0.9
1.5006882 0.9
1.5006877 0.9
1.500687 0.9
1.5006864 0.9
1.5006859 0.9
1.5006855 0.9
1.5006847 0.9
1.5006844 0.9
1.5006837 0.9
1.5006831 0.9
1.5006826 0.9
1.5006819 0.9
1.5006814 0.9
1.5006809 0.9
1.5006803 0.9
1.5006797 0.9
1.5006793 0.9
1.5006785 0.9
1.5006781 0.9
1.5006776 0.9
1.500677 0.9
1.5006764 0.9
1.5006759 0.9
1.5006754 0.9
1.5006747 0.9
1.5006742 0.9
1.5006737 0.9
1.500673 0.9
1.5006726 0.9
1.5006719 0.9
1.5006715 0.9
1.5006709 0.9
1.5006704 0.9
1.50067 0.9
1.5006692 0.9
1.5006688 0.9
1.5006683 0.9
1.5006676 0.9
1.5006671 0.9
1.5006665 0.9
1.5006661 0.9
1.5006654 0.9
1.500665 0.9
1.5006644 0.9
1.5006639 0.9
1.5006635 0.9
1.5006628 0.9
1.5006623 0.9
1.5006617 0.9
1.5006613 0.9
1.5006607 0.9
1.5006602 0.9
1.5006597 0.9
1.5006591 0.9
1.5006588 0.9
1.500658 0.9
1.5006576 0.9
1.5006571 0.9
1.5006565 0.9
1.5006561 0.9
1.5006554 0.9
1.5006549 0.9
1.5006545 0.9
1.500654 0.9
1.5006533 0.9
1.5006528 0.9
1.5006524 0.9
1.5006518 0.9
1.5006514 0.9
1.5006509 0.9
1.5006504 0.9
1.5006498 0.9
1.5006495 0.9
1.5006487 0.9
1.5006484 0.9
1.5006478 0.9
1.5006473 0.9
1.5006468 0.9
1.5006464 0.9
1.5006458 0.9
1.5006454 0.9
1.5006449 0.9
1.5006443 0.9
1.5006437 0.9
1.5006433 0.9
1.5006428 0.9
1.5006423 0.9
1.5006418 0.9
1.5006413 0.9
1.5006406 0.9
1.5006403 0.9
1.5006399 0.9
1.5006393 0.9
1.5006387 0.9
1.5006385 0.9
1.5006378 0.9
1.5006373 0.9
1.5006368 0.9
1.5006363 0.9
1.500636 0.9
1.5006353 0.9
1.5006349 0.9
1.5006344 0.9
1.500634 0.9
1.5006335 0.9
1.500633 0.9
1.5006325 0.9
1.500632 0.9
1.5006316 0.9
1.5006311 0.9
1.5006306 0.9
1.50063 0.9
1.5006297 0.9
1.5006292 0.9
1.5006287 0.9
1.5006282 0.9
1.5006278 0.9
1.5006274 0.9
1.5006268 0.9
1.5006263 0.9
1.5006258 0.9
1.5006254 0.9
1.5006249 0.9
1.5006244 0.9
1.500624 0.9
1.5006235 0.9
1.500623 0.9
1.5006225 0.9
1.5006222 0.9
1.5006216 0.9
1.5006213 0.9
1.5006207 0.9
1.5006201 0.9
1.5006199 0.9
1.5006193 0.9
1.5006188 0.9
1.5006185 0.9
1.500618 0.9
1.5006174 0.9
1.500617 0.9
1.5006167 0.9
1.5006162 0.9
1.5006158 0.9
